 1 1  0.3287793e+03  0.3371369e-32
 2 1  0.3366600e+02  0.3732490e-32
 3 1  0.1502827e+03  0.4695470e-32
 4 1 -0.2099852e+03  0.5658448e-32
 5 1  0.9625876e+02  0.5778818e-32
 6 1 -0.2165354e+03  0.5778818e-32
 7 1  0.1857292e+03  0.5778818e-32
 8 1 -0.5436662e+02  0.5778818e-32
 9 1  0.9424326e+02  0.5778818e-32
10 1 -0.9082970e+02  0.5778818e-32
11 1 -0.1487803e+02  0.5778818e-32
12 1 -0.5570741e+02  0.6139939e-32
13 1 -0.7746995e+01  0.8042862e-32
14 1  0.5125581e+02  0.9968818e-32
15 1 -0.1025014e+02  0.1020956e-31
16 1  0.2615068e+02  0.1020956e-31
17 1 -0.3825769e+02  0.1020956e-31
18 1  0.4017946e+01  0.1020956e-31
19 1 -0.1383322e+02  0.1020956e-31
20 1  0.1312861e+02  0.1020956e-31
21 1  0.1623349e+02  0.1020956e-31
22 1 -0.1338265e+02  0.1020956e-31
23 1  0.2896797e+01  0.1020956e-31
24 1 -0.3643602e+02  0.1020956e-31
25 1  0.1227145e+02  0.1020956e-31
26 1 -0.1908542e+02  0.1020956e-31
27 1  0.2337747e+02  0.1020956e-31
28 1 -0.3774613e+01  0.1020956e-31
29 1  0.8697680e+01  0.1020956e-31
30 1 -0.9414900e+01  0.1020956e-31
31 1  0.8033879e+01  0.1020956e-31
32 1  0.8041806e+01  0.1020956e-31
 1 2  0.6507874e+02 -0.7777964e+02
 2 2  0.5204070e-01 -0.6689762e+02
 3 2 -0.2503959e+02 -0.6291710e+02
 4 2 -0.1531684e+02  0.9969672e+02
 5 2  0.1445844e+02  0.8965879e+01
 6 2 -0.1216874e+02  0.1106021e+03
 7 2  0.4474495e+02 -0.6303097e+02
 8 2  0.3783698e+01  0.4020163e+02
 9 2  0.3001161e+02 -0.9095189e+02
10 2 -0.4674389e+01  0.5785903e+02
11 2  0.3901582e+02 -0.1289873e+01
12 2 -0.1858325e+02  0.5585687e+02
13 2  0.1751546e+02 -0.2188270e+02
14 2 -0.8077300e+01 -0.1146134e+02
15 2  0.1268913e+02 -0.1797038e+02
16 2 -0.1913877e+02 -0.2051921e+02
17 2 -0.9219975e+01  0.2896084e+02
18 2 -0.8807817e+01  0.9239675e+01
19 2 -0.9209948e+01  0.1311504e+02
20 2 -0.3110370e+01 -0.2600546e+02
21 2 -0.7746293e+01 -0.1403204e+02
22 2  0.1081476e+02 -0.5695860e+01
23 2 -0.7851363e+01 -0.1934960e+01
24 2  0.5005019e+01  0.1862252e+02
25 2 -0.6453526e+01 -0.6670034e+01
26 2  0.3806841e+01  0.9626644e+01
27 2 -0.7309846e+00 -0.2031883e+02
28 2  0.3539739e+01 -0.3233567e+00
29 2  0.7300155e+00 -0.5761995e+01
30 2 -0.6102341e+01  0.5649824e+01
31 2 -0.1025074e+00  0.6338471e+01
32 2 -0.3874037e+01 -0.5879930e+01
 1 3 -0.6754912e+02 -0.2430235e+02
 2 3 -0.9709775e+02 -0.5103089e+02
 3 3 -0.9690427e+02 -0.6153935e+01
 4 3 -0.1241698e+02  0.2343348e+02
 5 3  0.3869613e+02  0.1911267e+02
 6 3  0.8566413e+02  0.1967351e+02
 7 3  0.1705606e+02  0.2247841e+02
 8 3  0.5993361e+01  0.8358456e+01
 9 3 -0.5600109e+02  0.3093596e+01
10 3  0.4421909e+01  0.1254766e+02
11 3 -0.4723569e+01  0.1106222e+02
12 3  0.4739416e+02  0.2755242e+02
13 3 -0.1329171e+00  0.1779452e+02
14 3  0.1454803e+00  0.2372956e+02
15 3 -0.2710174e+02 -0.1454925e+02
16 3 -0.1053518e+02  0.4434090e+01
17 3 -0.7842327e+01 -0.1358409e+02
18 3  0.1520605e+02  0.5066720e+01
19 3  0.1889246e+02 -0.9386591e+01
20 3  0.7404981e+01  0.1122248e+02
21 3 -0.1333130e+02 -0.4528213e+01
22 3 -0.5344288e+01 -0.5126652e+01
23 3 -0.6998413e+01 -0.2900449e+01
24 3  0.1330982e+02 -0.3504895e+01
25 3 -0.3723294e+01  0.5376137e+01
26 3  0.6043726e+01 -0.2436822e+01
27 3 -0.1192467e+02  0.7510849e+01
28 3  0.9904777e+00 -0.8324592e+01
29 3 -0.5315946e+01  0.2556896e+01
30 3  0.4677872e+01 -0.7198854e+01
31 3  0.4058290e+01  0.2359694e+01
32 3 -0.2858814e+01 -0.6744869e+01
 1 4  0.2950382e+01 -0.3203762e+02
 2 4  0.3936336e+02  0.6405399e+02
 3 4  0.2725110e+02  0.5784361e+02
 4 4  0.9742061e+01  0.1148961e+02
 5 4  0.2050460e+02 -0.1550734e+02
 6 4  0.4157836e+01 -0.2588232e+02
 7 4  0.4978122e+01 -0.1972239e+02
 8 4 -0.2213317e+02  0.3411713e+02
 9 4  0.1393918e+01  0.3583221e+02
10 4 -0.3361521e+02  0.4377574e+02
11 4  0.2651080e+01 -0.1979953e+01
12 4 -0.8676722e+01  0.5819836e+01
13 4  0.2539630e+02 -0.2227787e+02
14 4 -0.2594531e+02  0.3045685e+02
15 4  0.7695384e+01  0.6421400e+01
16 4 -0.2398367e+02  0.3882851e+02
17 4  0.6543980e+01 -0.9856622e+01
18 4 -0.1288308e+02  0.4135407e+01
19 4  0.2128521e+02 -0.2721816e+02
20 4 -0.2239405e+01  0.1267117e+02
21 4  0.6758448e+01  0.1034713e+01
22 4 -0.1389177e+02  0.1941262e+02
23 4 -0.2675325e+01 -0.7977216e+00
24 4 -0.6408355e+01 -0.6510066e+01
25 4  0.4108424e+01 -0.9481273e+01
26 4 -0.1394653e+01 -0.2709335e+01
27 4 -0.2290829e+01  0.2660108e+01
28 4 -0.1238061e+01  0.2379452e+00
29 4 -0.8795949e+00  0.5999350e+01
30 4  0.5344093e+01  0.2638096e+00
31 4 -0.1718825e+01 -0.5679500e+01
32 4  0.7065103e+01 -0.3493542e+01
 1 5  0.1601422e+02 -0.6335868e+02
 2 5  0.7596954e+02  0.4614468e+02
 3 5  0.6157222e+02  0.2642508e+02
 4 5  0.1622040e+02 -0.2684790e+01
 5 5 -0.1655266e+02  0.2475754e+01
 6 5 -0.4395029e+02 -0.1212887e+02
 7 5 -0.4611572e+02 -0.2408490e+02
 8 5 -0.1259800e+02  0.9690182e+01
 9 5 -0.3955115e+01  0.8179209e+01
10 5  0.4179093e+01  0.1940939e+02
11 5 -0.8160866e+01  0.1157839e+02
12 5 -0.1627763e+02  0.1921937e+02
13 5 -0.2512724e+02 -0.1961528e+02
14 5 -0.4186755e+01 -0.5975499e+00
15 5  0.3005844e+01 -0.7249499e+01
16 5  0.6271324e+01  0.2365503e+02
17 5  0.2246034e+01  0.4892915e+01
18 5 -0.1050954e+02  0.1371533e+02
19 5 -0.1509699e+02 -0.7308589e+00
20 5 -0.1956709e+02  0.6029754e+01
21 5  0.7617125e+01 -0.6685358e+01
22 5  0.2350520e+01  0.3460657e+01
23 5  0.9204973e+01  0.6827548e+01
24 5 -0.1191034e+02 -0.1970650e+01
25 5 -0.9599283e+00 -0.3033671e+01
26 5 -0.1305221e+02 -0.4634733e+01
27 5 -0.6301313e+00  0.4489528e+01
28 5 -0.1068724e+01 -0.3538249e+01
29 5  0.8455691e+01  0.6291283e+01
30 5  0.2284516e+01 -0.5360127e+01
31 5 -0.1608941e+01 -0.6935669e+00
32 5 -0.2672437e+01 -0.7733391e+01
 1 6 -0.1469166e+02 -0.4822196e+02
 2 6 -0.3677364e+02 -0.1354943e+02
 3 6 -0.1149841e+02 -0.4307578e+02
 4 6 -0.1823629e+02 -0.4223035e+02
 5 6 -0.1783846e+02 -0.2633178e+01
 6 6 -0.3881151e+01  0.9873720e+01
 7 6 -0.1262462e+00  0.9469492e+01
 8 6 -0.1403571e+01  0.5335305e+01
 9 6  0.6393251e+00 -0.8776717e+01
10 6  0.7235160e+01 -0.2149779e+02
11 6  0.2179186e+01 -0.1009672e+02
12 6 -0.1179232e+02  0.2671076e+01
13 6 -0.1486727e+02  0.6652859e+01
14 6 -0.1716226e+02  0.9714951e+00
15 6 -0.1159218e+02 -0.6325200e+01
16 6 -0.9914641e+01 -0.3468263e+01
17 6 -0.2252943e+01 -0.6432290e+01
18 6 -0.1843206e+02  0.7461254e+01
19 6 -0.1171609e+02  0.6154773e+01
20 6 -0.1993787e+02  0.1785357e+02
21 6 -0.3665805e+01 -0.4733824e+01
22 6 -0.5847595e+01  0.3918869e+01
23 6  0.1432138e+02 -0.1249834e+02
24 6 -0.2699999e+01  0.3520314e+01
25 6  0.2720333e+01 -0.6450484e+01
26 6 -0.1063490e+02  0.3204931e+01
27 6  0.2507674e+01 -0.4542123e+01
28 6 -0.8078513e+00 -0.2781049e+00
29 6  0.1567816e+01 -0.2065623e+01
30 6 -0.1837849e+01 -0.6939766e+01
31 6  0.3044984e+00  0.4378719e+01
32 6 -0.7049764e+01 -0.2878080e+01
 1 7 -0.2524853e+02  0.2740855e+01
 2 7 -0.2449935e+02  0.2523657e+01
 3 7 -0.9418338e+01 -0.1199034e+02
 4 7 -0.1489665e+02 -0.1780478e+02
 5 7 -0.3833567e+01  0.1619018e+01
 6 7  0.1962597e+02 -0.1905875e+01
 7 7  0.2255265e+02 -0.4376656e+00
 8 7  0.3074141e+01  0.4682492e+01
 9 7 -0.3279356e+01  0.5059276e+01
10 7 -0.5792071e+01  0.5138857e+01
11 7 -0.1764057e+02 -0.1407454e+01
12 7 -0.1610035e+02 -0.1623321e+02
13 7  0.2233425e+01 -0.5971107e+01
14 7 -0.3311014e+01 -0.3155987e+01
15 7 -0.1339180e+02 -0.1348402e+01
16 7 -0.1606793e+02 -0.9776092e+01
17 7 -0.1476265e+02 -0.3301748e+01
18 7 -0.9244386e+01 -0.9951821e+01
19 7 -0.4399930e+00 -0.6090034e+01
20 7  0.5050798e+01 -0.3971553e+01
21 7 -0.1566317e+01  0.2733321e+01
22 7 -0.1068836e+01 -0.2673472e+01
23 7 -0.1058406e+02 -0.4724030e+01
24 7 -0.5203643e+01 -0.3150694e+01
25 7 -0.8929808e+01 -0.7596830e+00
26 7 -0.1039887e+01 -0.2224007e+00
27 7 -0.6153057e+01  0.5269023e+00
28 7  0.2183034e+00  0.2249773e+01
29 7 -0.3035206e+01 -0.2832502e+01
30 7  0.3371469e+01 -0.5106837e+01
31 7  0.4066017e+01 -0.3347549e+01
32 7  0.2268497e+01 -0.2746156e+01
 1 8 -0.1617563e+02  0.3402073e+02
 2 8  0.4971770e+02  0.1569035e+02
 3 8  0.2864520e+02  0.4146143e+02
 4 8  0.1487963e+02  0.3287455e+02
 5 8  0.3056529e+01  0.2241616e+02
 6 8 -0.1048237e+02  0.5292778e+01
 7 8 -0.8607919e+01 -0.1695037e+02
 8 8 -0.7276738e-01 -0.2225018e+02
 9 8  0.6320040e+01 -0.7573408e+01
10 8  0.4124846e+01  0.5310062e+01
11 8  0.1875387e+01  0.5327305e+01
12 8 -0.5358016e+01 -0.6759100e+01
13 8  0.4734732e+01 -0.1245725e+02
14 8 -0.1552230e+01 -0.2135685e+02
15 8  0.6799798e+01 -0.1433966e+02
16 8  0.2472084e+01 -0.1007067e+02
17 8  0.4618791e+01 -0.2661036e+01
18 8 -0.9388737e+01 -0.1197146e+02
19 8  0.4824045e+01 -0.1723460e+00
20 8 -0.1068336e+02 -0.7335579e+01
21 8 -0.6092541e+01 -0.2935140e+01
22 8 -0.9408099e+01 -0.9722234e+01
23 8 -0.1161813e+00  0.5599119e+01
24 8 -0.6894016e+01 -0.4837224e+01
25 8 -0.7261907e+00 -0.5018885e+01
26 8  0.7229443e+00 -0.1424950e+02
27 8 -0.2798170e+00  0.2776691e+01
28 8  0.1839949e+01 -0.5239918e+00
29 8 -0.6846149e+00  0.3539209e+01
30 8  0.4174939e+01 -0.2916085e+01
31 8 -0.1865102e+01 -0.5710233e+00
32 8  0.3999184e+01 -0.7288161e+01
 1 9 -0.1659979e+02  0.6435110e+01
 2 9  0.4348832e+02  0.8576660e+00
 3 9  0.4582829e+01  0.9739082e+00
 4 9  0.1052028e+02 -0.3123163e+01
 5 9  0.6545561e+00 -0.1167344e+01
 6 9 -0.1773672e+02  0.9240754e+01
 7 9 -0.1554610e+02 -0.1022180e+01
 8 9 -0.9482193e+01 -0.8786299e+01
 9 9 -0.3518625e+01 -0.7773915e+01
10 9  0.7471994e+01 -0.8603098e+01
11 9  0.1715155e+02 -0.5579430e+01
12 9  0.1165878e+02  0.7150622e+01
13 9  0.1546973e+01  0.3227872e+01
14 9 -0.1127938e+02  0.4131334e+01
15 9  0.2317092e+01 -0.4325636e+01
16 9  0.9579224e+01 -0.3296773e+01
17 9  0.1311965e+02 -0.1342052e+02
18 9  0.5258287e+01 -0.2896117e+01
19 9  0.1058253e+02 -0.1248735e+02
20 9 -0.8285310e+01  0.2601080e+01
21 9 -0.6584996e+01 -0.7209004e+01
22 9 -0.7607267e+01  0.8958603e+00
23 9  0.8229130e+01 -0.9759533e+01
24 9  0.1862409e+01 -0.8263458e+00
25 9  0.3347788e+01 -0.1193995e+02
26 9 -0.5875507e+01 -0.4811051e+01
27 9 -0.1718272e+01 -0.1203812e+02
28 9  0.1506250e+01 -0.1910061e+01
29 9  0.4367758e+01  0.4947802e+00
30 9  0.2202521e+01  0.2098483e+01
31 9  0.4748013e+00 -0.3130504e+01
32 9  0.2444158e+01 -0.7985523e+00
 110 -0.7363824e+01 -0.4430783e+01
 210  0.1232749e+02 -0.1114159e+02
 310 -0.1967861e+02 -0.4009370e+02
 410 -0.1748849e+01 -0.2585609e+02
 510  0.1200151e+02 -0.1582392e+02
 610  0.9702748e+01 -0.9072239e+01
 710  0.1272113e+02  0.2773119e+00
 810 -0.1207771e+00  0.1583323e+02
 910 -0.1329286e+02  0.7210374e-02
1010 -0.6243062e+01 -0.1510647e+02
1110  0.6074111e+00 -0.4282911e+01
1210  0.1765176e+01  0.2369177e+01
1310  0.2282053e+01 -0.3854603e-02
1410  0.7957960e+01  0.7914855e+01
1510  0.1852956e+01  0.4545930e+01
1610 -0.7788846e+00  0.3263988e+01
1710 -0.5154051e+01 -0.8326943e+01
1810 -0.1945236e+01 -0.6347150e+01
1910 -0.6057158e+01 -0.1402249e+02
2010  0.3554099e+01  0.3500293e+01
2110  0.6562463e+01  0.7348138e-01
2210  0.1015093e+02  0.6246371e+01
2310  0.5739979e+01 -0.1312040e+02
2410  0.9972796e+01 -0.5720125e+01
2510  0.8042006e+01 -0.1085562e+02
2610 -0.5462447e+00  0.4508672e+01
2710 -0.1062448e+00 -0.6124856e+01
2810 -0.2252865e+01  0.1386709e+01
2910  0.6654656e+01 -0.2385236e+01
3010 -0.1664432e+01 -0.1427588e+01
3110  0.5298265e+01 -0.3025316e+01
3210 -0.2714479e+01 -0.8241783e+00
 111  0.2156592e+02  0.9444504e+01
 211  0.1644160e+01 -0.9352175e+01
 311 -0.3764702e+00 -0.7468369e+01
 411  0.4820932e+01  0.1600251e+02
 511  0.1694615e+02  0.8821739e+01
 611  0.6442302e+01 -0.2610165e+01
 711  0.1209587e+02  0.7163944e+00
 811  0.5507701e+01  0.3777262e+01
 911 -0.5577601e+01 -0.1954799e+01
1011 -0.7247279e+01 -0.8864737e-01
1111 -0.1247667e+02  0.1036887e+02
1211 -0.9246520e+01  0.5978750e+01
1311  0.2735497e+01 -0.3800908e+01
1411  0.1242968e+02 -0.3467251e+01
1511  0.1329851e+02 -0.3251987e+01
1611  0.1174854e+02  0.5580597e+00
1711 -0.2872951e+01  0.7900787e+01
1811 -0.7059957e+01  0.3660110e+01
1911 -0.2042958e+01  0.3039395e+00
2011  0.1381964e+02  0.7350448e+01
2111  0.1075861e+02  0.8164732e+01
2211  0.1043696e+02  0.8220469e+01
2311  0.1238733e+00  0.2291012e+01
2411  0.4552567e+01  0.1520451e+01
2511 -0.5464171e+01 -0.4952565e+01
2611  0.5441760e+01  0.2327339e+00
2711  0.4341609e+01 -0.5080470e+01
2811  0.7577968e+01  0.5845377e+01
2911 -0.9439062e+00 -0.4873852e+01
3011  0.4431684e+01  0.7001674e+00
3111  0.3287508e+00 -0.7476679e+01
3211  0.3346033e+01  0.4517569e+00
 112  0.9459110e+01  0.1473161e+02
 212  0.7221154e+00 -0.1860332e+02
 312  0.1028413e+02  0.2564720e+02
 412 -0.2707150e+01  0.1443317e+02
 512 -0.2443493e+01  0.5463790e+01
 612 -0.5973868e+01 -0.1101452e+01
 712 -0.1129339e+02 -0.8139507e+01
 812 -0.9347993e+01 -0.1277082e+02
 912  0.2807685e+01 -0.6337002e+01
1012  0.6575907e+01  0.8686299e+01
1112  0.4627795e+01  0.1526293e+02
1212  0.5173474e+01  0.4054424e+01
1312  0.2857890e+01 -0.2425158e-01
1412 -0.1446582e+01 -0.1454250e+00
1512 -0.3178379e+01 -0.1070369e+02
1612 -0.7401111e+00 -0.6511045e+01
1712 -0.2549846e+01  0.1169133e+02
1812 -0.6195340e+01  0.1469995e+02
1912 -0.3826607e+01  0.8098009e+01
2012  0.6005443e+00  0.1144019e+01
2112 -0.2312135e+01 -0.1177684e+01
2212  0.2755364e+00 -0.3140224e+01
2312  0.1738696e+01  0.4245035e+01
2412  0.8609975e+00  0.7603323e+01
2512 -0.3208175e+01  0.9239442e+01
2612  0.3217000e+01  0.1434701e+01
2712  0.4314713e+01 -0.1783292e+01
2812  0.8940085e+01 -0.4776465e+01
2912  0.7241289e+01  0.3725944e+01
3012  0.7703760e+01  0.1843121e+01
3112 -0.4781191e+00  0.1494774e+01
3212  0.6302871e+00 -0.3588070e+01
 113 -0.1391539e+02  0.1017066e+02
 213 -0.3079012e+01 -0.2591839e+02
 313 -0.7965572e+01  0.1596470e+02
 413 -0.9454684e+01 -0.1632643e+02
 513  0.3102887e+01 -0.1444600e+02
 613 -0.5028128e+01 -0.9220213e+01
 713 -0.1470338e+02 -0.4297033e+01
 813 -0.2720261e+01 -0.1799098e+01
 913 -0.5235758e+01  0.3230077e+01
1013 -0.2328092e+00  0.1214960e+01
1113  0.1455580e+02 -0.1058949e+01
1213  0.1551341e+02  0.2723763e+01
1313  0.4226638e+01  0.4809658e+01
1413 -0.8386919e+01  0.1212036e+01
1513 -0.1450982e+02 -0.1343590e+01
1613 -0.1100522e+02 -0.1082605e+01
1713  0.7898005e-01  0.1382788e+01
1813  0.5096923e+01  0.4999617e+01
1913 -0.2457550e+00  0.1091182e+02
2013 -0.7524675e+01  0.1763305e+01
2113 -0.9587298e+01 -0.4459643e+01
2213 -0.4418815e+01 -0.6301615e+01
2313  0.5184995e-01  0.1664680e+01
2413 -0.9376335e-01  0.2291168e+01
2513  0.5907598e+01  0.1044007e+02
2613  0.3869116e+01  0.7034818e+01
2713 -0.1780103e+01  0.8076198e+01
2813 -0.2807960e+01 -0.3365589e+01
2913  0.5282174e+01  0.1609576e+00
3013  0.2519288e+01 -0.9844281e-01
3113  0.3047737e+01  0.5215938e+01
3213  0.7882982e+00  0.1289486e+01
 114 -0.1170542e+02 -0.8035365e+01
 214  0.5017556e+01 -0.2956909e+01
 314 -0.1652265e+02  0.1012490e+02
 414  0.1293675e+02 -0.1344195e+02
 514  0.1158741e+02 -0.9392420e+01
 614 -0.9798242e+00  0.1192995e+02
 714 -0.2371818e+00  0.9883210e+01
 814  0.1002266e+02  0.1357563e+02
 914 -0.6006283e+01  0.8028936e+01
1014 -0.1036822e+02 -0.6732320e+01
1114  0.1238328e+01 -0.1111494e+02
1214  0.3399791e+01 -0.5011862e+01
1314  0.7709919e+00 -0.8464071e+00
1414 -0.4961994e+01  0.1733612e+01
1514 -0.1043344e+02  0.6218503e+01
1614 -0.6812150e+01  0.1564908e+01
1714  0.5636494e+00 -0.6127017e+01
1814  0.4798135e+00 -0.6729257e+01
1914  0.2658798e+01 -0.4855448e+01
2014 -0.3717646e+00 -0.7216037e+01
2114 -0.8988618e+00 -0.3420463e+01
2214 -0.5195212e+01  0.1848811e+01
2314 -0.7304757e+01  0.7288677e+00
2414 -0.8616203e+01 -0.2263014e+01
2514  0.2918175e+01  0.2819928e+01
2614 -0.4822140e+00  0.3310489e+01
2714  0.3065592e+01  0.5267437e+01
2814 -0.2120808e+01  0.3885036e+01
2914 -0.2365395e+01  0.8189719e+00
3014 -0.7465190e+01 -0.2328064e+01
3114  0.1772601e+01  0.1589462e+01
3214 -0.1248340e+01  0.3794532e+01
 115  0.4281585e+00 -0.8166602e+01
 215  0.3857821e+01  0.1632638e+02
 315  0.8226338e+01  0.4849173e+01
 415  0.1166375e+02  0.8002158e+01
 515  0.2122474e+00  0.1224084e+02
 615 -0.5395608e+01  0.1117727e+02
 715  0.2910097e+01  0.5630817e+01
 815  0.7667345e+01  0.8746916e+01
 915 -0.1208193e+01 -0.3099118e+01
1015 -0.1866181e+01 -0.6165697e+01
1115 -0.6840106e+01 -0.2947804e+01
1215 -0.1532807e+02 -0.6029352e+01
1315 -0.1441296e+01 -0.9137322e+01
1415  0.8838830e+01 -0.5860972e+00
1515  0.1302839e+01  0.5114119e+01
1615  0.9762967e+00  0.8340667e-01
1715  0.2862232e+01 -0.1089846e+01
1815 -0.3206219e+01  0.6334117e-01
1915 -0.3918539e+01 -0.6709749e+01
2015  0.1554810e+01 -0.8670194e+01
2115  0.2742568e+01 -0.2619077e+01
2215 -0.1269159e+01  0.4395132e+01
2315 -0.6274083e+01  0.4497570e+00
2415 -0.8014880e+01  0.2793382e+01
2515 -0.4366206e+01 -0.9929374e+00
2615 -0.2147642e+01 -0.2601049e+01
2715 -0.4305444e+00 -0.6403172e+01
2815  0.2336673e+01 -0.4008311e+00
2915 -0.1674586e+01 -0.3299953e+01
3015 -0.3433307e+01  0.2764715e+01
3115 -0.1859551e+01  0.5608292e+00
3215 -0.1720876e-01  0.7617995e+01
 116  0.7631850e+01  0.1352455e+01
 216 -0.1672160e+02  0.1123085e+02
 316  0.1800521e+02 -0.1184277e+02
 416 -0.9176660e+01  0.1238335e+02
 516 -0.4966444e+01  0.1512751e+01
 616 -0.4585247e+01 -0.2193924e+01
 716  0.4900444e+01 -0.4073120e+01
 816  0.5031780e+01 -0.5964102e+01
 916  0.7044185e+01 -0.6320645e+01
1016  0.3232636e+01  0.4070468e+01
1116 -0.4692301e+01  0.7513770e+01
1216 -0.9718081e+01  0.6366310e+00
1316  0.3121675e+00 -0.1041461e+01
1416  0.5884233e+01  0.3525869e+00
1516  0.2560583e+01 -0.6122986e+00
1616  0.3444633e+01 -0.5169069e+00
1716  0.2113406e+00  0.2164351e+01
1816 -0.2241086e+01  0.2197457e+01
1916 -0.2028069e+01 -0.1290352e+01
2016 -0.2920211e+01 -0.5095286e+00
2116 -0.4086684e+01 -0.2113142e+01
2216 -0.1307553e+00 -0.8278388e+01
2316  0.4881524e+01 -0.5250661e+01
2416  0.5168005e+01  0.2799153e+01
2516 -0.5188927e+00  0.7328562e+00
2616  0.2018547e+01 -0.2935810e+01
2716  0.8349500e+00 -0.2660126e+01
2816 -0.4165200e+00 -0.4126709e+01
2916 -0.3269865e+01 -0.5955526e+01
3016  0.7709166e+00  0.7068663e+00
3116 -0.2485183e+01  0.2585107e+01
3216 -0.3156086e+00  0.6504021e+00
 117 -0.6009412e+01  0.7078670e+01
 217 -0.1948063e+02 -0.5793592e+01
 317  0.1709421e+02 -0.3373384e-01
 417 -0.1816016e+02 -0.8076927e+01
 517 -0.3047016e+01 -0.9196434e+01
 617  0.1113630e+02  0.5548736e+00
 717  0.5085154e+01  0.3881172e+01
 817  0.9252025e+00 -0.1071725e+02
 917  0.4321019e+01 -0.3052188e+01
1017 -0.4997500e+00  0.4680575e+01
1117 -0.1040293e+01  0.4846467e+01
1217  0.4511172e+01  0.6742466e+00
1317  0.4058029e+01  0.2657750e+01
1417 -0.1173459e+01  0.1591065e+01
1517 -0.7668878e+00 -0.6124233e+01
1617 -0.5186659e+00 -0.5989343e+01
1717 -0.1264260e+01 -0.1511262e+01
1817  0.2063695e+01 -0.1021718e+01
1917  0.2340118e+01  0.2207094e+01
2017 -0.2187784e+01  0.7759460e+01
2117 -0.2494288e+01  0.1525838e+00
2217  0.7715456e+00 -0.8367438e+01
2317  0.2376976e+01 -0.4674164e+01
2417  0.2573921e+01 -0.1966017e+01
2517  0.1554991e+01 -0.7990236e+00
2617  0.4364753e+00  0.3788004e+01
2717  0.2404064e+01  0.2345493e+01
2817  0.2159213e+01 -0.9054825e-01
2917  0.2730819e+01  0.2074353e+00
3017  0.2968173e+01 -0.2400450e+00
3117  0.1174209e+01 -0.3854517e+01
3217  0.9335816e-02 -0.2034539e+01
 118 -0.8188727e+01  0.1487664e+02
 218  0.4102293e+00 -0.9266469e+01
 318  0.1574053e+02  0.1335531e+02
 418 -0.3967740e+01 -0.8031629e+01
 518  0.4417405e+01  0.4674327e+01
 618  0.6948950e+01  0.1122376e+02
 718 -0.1416542e+01  0.4752802e+01
 818 -0.1146132e+01 -0.2983741e+01
 918 -0.5471839e+01  0.7766944e+00
1018 -0.6290474e+01 -0.7652406e+01
1118  0.3270940e+01 -0.2265037e+01
1218  0.6411866e+01  0.5684484e+01
1318 -0.3940321e+01  0.1223060e+01
1418 -0.2467587e+01 -0.2503461e+01
1518  0.1412742e+01 -0.9437674e+00
1618 -0.4454735e+01 -0.2031341e+01
1718 -0.3980330e+01 -0.3940422e+01
1818  0.3032214e+01 -0.2285144e+01
1918  0.2888710e+01  0.4419908e+01
2018  0.1329151e+01  0.7971678e+01
2118  0.6344640e+01  0.1084757e+00
2218  0.5096396e+01 -0.1460360e+01
2318 -0.1568520e+01  0.4328020e+01
2418 -0.2286347e+01 -0.1037630e-01
2518 -0.1999404e+01 -0.2463665e+01
2618 -0.3554054e+00  0.4884776e+01
2718  0.1726956e+01  0.4958734e+01
2818  0.5890598e+01  0.1372545e+01
2918  0.6810833e+01  0.4241813e+00
3018  0.2352982e+01 -0.1034413e+01
3118 -0.7097212e+00 -0.1139078e+01
3218  0.2284077e+00  0.1122687e+01
 119  0.4464856e+01  0.5084207e+01
 219  0.1522408e+02 -0.2080640e+01
 319 -0.8793462e+01  0.6160637e+01
 419  0.1489275e+02 -0.1723563e+01
 519  0.2117724e+01  0.7745443e+01
 619 -0.3179509e+01  0.1170070e+02
 719 -0.3663101e+01 -0.3961236e+01
 819  0.4441772e+01  0.6236534e+00
 919 -0.2991850e+01  0.4874296e+01
1019  0.1846914e+01 -0.5288578e+01
1119  0.4216650e+01 -0.1736927e+01
1219  0.1703995e+01  0.4247821e+01
1319 -0.4048248e+01 -0.3827093e+01
1419  0.7001640e+00 -0.2322697e+01
1519  0.3578956e+01  0.3347650e+01
1619 -0.1763369e+01  0.4555167e+01
1719 -0.1422199e+01  0.6684538e+01
1819 -0.3558484e+00  0.5971244e+01
1919 -0.1190293e+01  0.3230820e+01
2019  0.3070911e+01  0.1100203e+01
2119  0.5466432e+01  0.8372063e+00
2219 -0.1528338e+01 -0.1430483e+01
2319 -0.4087771e+01 -0.2924981e+01
2419 -0.9652757e+00 -0.5183864e-01
2519 -0.4570996e+01  0.4433389e+01
2619 -0.2897011e+01  0.5896692e+01
2719  0.5875128e+01  0.4039968e+01
2819  0.3844187e+01  0.7734092e+00
2919 -0.1332862e+01 -0.3963264e+00
3019  0.5962139e-01 -0.2852899e+01
3119  0.9198283e+00  0.1793227e+01
3219 -0.1134096e+01  0.4932487e+01
 120  0.2950682e+01 -0.1731446e+01
 220  0.3799433e+01 -0.2627702e+01
 320 -0.1951240e+02 -0.1353055e+02
 420  0.3717031e+01  0.4358320e+01
 520 -0.1019562e+02 -0.5832532e+01
 620 -0.1865563e+01 -0.1151260e+01
 720  0.8645116e+01 -0.5512682e+01
 820  0.4638212e+00  0.3375753e+01
 920  0.1703708e+01  0.1879461e+01
1020  0.1036951e+02 -0.1263321e+01
1120  0.1686417e+01  0.2380910e+00
1220 -0.7434516e+01 -0.1678547e+01
1320  0.8178189e+00 -0.8984394e+01
1420  0.2487783e+01 -0.2927340e+00
1520 -0.5605021e+01  0.2784011e+01
1620 -0.4245512e+01 -0.3247342e+00
1720  0.3349364e+01  0.4404615e+01
1820  0.1855990e+01  0.5554330e+01
1920 -0.2433357e+01  0.7347467e+00
2020  0.2192700e+01 -0.1307664e+01
2120  0.1322381e+01 -0.8228013e-01
2220 -0.5615464e+01 -0.3632670e+01
2320 -0.5609895e+01 -0.7301645e+01
2420 -0.3228756e+01 -0.9418396e+00
2520 -0.8036321e+00  0.8080043e+01
2620  0.2535638e+01  0.6953026e+01
2720  0.2254543e+01  0.2217233e+01
2820 -0.1571148e+01  0.2169098e+01
2920 -0.2903929e+01  0.2829596e+00
3020 -0.2805101e+01 -0.1774162e+01
3120 -0.3636202e+01  0.7161126e+00
3220 -0.6703561e+00  0.1950805e+01
 121  0.2963923e+01  0.5899630e+01
 221 -0.1180043e+02 -0.1699311e+01
 321 -0.3526808e+01 -0.2124840e+02
 421 -0.3373432e+01  0.1605563e+02
 521 -0.7452544e+01 -0.3460019e+01
 621  0.8148389e+00 -0.3549810e+00
 721  0.9001132e+01  0.1065565e+01
 821 -0.2384950e+01  0.6123427e+00
 921 -0.4408049e+00 -0.4657850e+01
1021 -0.1002211e+01 -0.6190291e+01
1121 -0.1296839e+01 -0.9371941e+01
1221 -0.1981524e+01 -0.5282537e+01
1321  0.8289829e+00  0.2733131e+01
1421 -0.2782381e+01  0.6712175e+01
1521 -0.4946822e+01  0.5120413e+01
1621  0.1306504e-02  0.8736275e+00
1721  0.2479605e+01 -0.4509340e+01
1821  0.1294146e+00 -0.5989902e+01
1921  0.4454877e+01 -0.1835902e+01
2021  0.3462138e+01  0.8204685e+00
2121 -0.6254015e+01 -0.1270097e+01
2221 -0.3364625e+01 -0.2466375e+01
2321 -0.4787911e+00  0.2138729e+01
2421 -0.3882307e+01  0.5691270e+01
2521  0.4856439e+00  0.1277413e+00
2621  0.4567872e+01 -0.2743265e+01
2721  0.1243804e+00  0.2120537e+01
2821 -0.4100008e+01  0.1738478e+00
2921 -0.3022803e+01 -0.1772578e+01
3021 -0.2025235e+01  0.2173389e+01
3121 -0.3255719e+01  0.3210714e+01
3221 -0.2579078e+00 -0.4436242e+00
 122  0.5256332e+01  0.4100683e+01
 222 -0.1082943e+02 -0.1070558e+01
 322  0.1401505e+02  0.1619653e+01
 422 -0.3402272e+01  0.7675888e+01
 522  0.1259665e+02  0.6469728e+01
 622  0.2705353e+01  0.9471445e+01
 722 -0.4169722e+01  0.7788049e+01
 822 -0.1019268e+01 -0.6624588e+01
 922 -0.1023234e+01  0.5655595e+00
1022 -0.1130503e+02  0.1411808e+01
1122 -0.5200569e+01 -0.8423978e+01
1222 -0.5463595e+00 -0.7157509e+01
1322  0.3710964e+00  0.7678363e+01
1422 -0.1099573e+01  0.6108584e+01
1522  0.4948529e+01  0.1577498e+01
1622  0.8569427e+01 -0.2969712e+00
1722  0.5497644e+00 -0.3049581e+01
1822 -0.4614871e+01 -0.4044352e+01
1922 -0.5292337e+00 -0.1750210e+01
2022  0.2217808e+00  0.8674333e-01
2122 -0.3620147e+01  0.1347190e+01
2222 -0.7967238e+00  0.6961591e+01
2322  0.2022722e+01  0.5907454e+01
2422 -0.2119525e+01  0.2400924e+00
2522 -0.1684987e+01 -0.2625499e+01
2622 -0.5912781e-04 -0.5926984e+01
2722 -0.2114505e+01 -0.4857126e+01
2822 -0.2249285e+01 -0.2070458e+00
2922 -0.2613280e+01  0.3659497e+01
3022 -0.2087071e+01  0.4092526e+01
3122  0.3053075e+01 -0.1390257e+01
3222  0.1434423e+01 -0.3320869e+01
 123  0.2001499e+01 -0.3996709e+01
 223 -0.8821219e+01 -0.3624948e+01
 323  0.7884512e+01  0.1467816e+02
 423 -0.7301205e+01 -0.8702624e+01
 523  0.1029036e+02  0.1739156e+01
 623  0.2645074e+01 -0.1966457e+01
 723 -0.9937951e+01 -0.2365242e+01
 823  0.5458936e+01 -0.1390757e+01
 923  0.2321473e+01  0.8822094e+01
1023 -0.6996448e+01  0.6459776e+01
1123 -0.3971578e+01  0.7298769e+01
1223 -0.7249487e+01  0.4073153e+01
1323 -0.7874293e+01 -0.1631146e+01
1423  0.6619823e+01 -0.8217915e+01
1523  0.6355496e+01 -0.3961176e+01
1623  0.2617084e+01 -0.5269861e+00
1723  0.9219775e+00 -0.2512059e+01
1823 -0.4533461e+01  0.3701975e+01
1923 -0.7898473e+01  0.7963357e+01
2023 -0.5518647e+01 -0.5307539e+00
2123  0.4775679e+01 -0.6166241e+00
2223  0.8140570e+01  0.4880339e+01
2323  0.3346052e+00 -0.1641696e+01
2423 -0.1782521e+01 -0.5412053e+01
2523  0.1474455e+01 -0.1486482e+01
2623 -0.3826723e+01 -0.1373042e+01
2723 -0.7264095e+01 -0.2429507e+01
2823 -0.3861982e+00  0.1519893e+01
2923  0.2147784e+01  0.4113934e+01
3023  0.8615454e+00  0.2228828e+01
3123  0.1701473e+01 -0.2650034e+01
3223 -0.3349711e+00 -0.4472822e+01
 124  0.3764591e+00 -0.7082511e+01
 224 -0.6300840e+01 -0.1047961e+01
 324 -0.1049905e+02  0.5666625e+01
 424  0.6715050e+00 -0.1480302e+02
 524 -0.7601780e+01  0.3948199e+01
 624 -0.3402798e+01 -0.1239641e+02
 724 -0.8677644e+01 -0.9008470e+01
 824  0.9165356e+01  0.4887153e+01
 924  0.2524149e+01  0.1294992e+01
1024  0.1108617e+01  0.7529217e+00
1124  0.2448815e+01  0.7055964e+01
1224 -0.3004130e+01  0.7837585e+01
1324 -0.5790065e+01 -0.1866800e+01
1424  0.7163173e+00 -0.6894755e+01
1524 -0.1809583e+01 -0.1883351e+01
1624 -0.3964720e+01 -0.2399644e+01
1724 -0.1208898e+01 -0.3154005e+01
1824  0.2156447e+01  0.5591501e+01
1924  0.6708738e+00  0.7722726e+01
2024  0.1476693e+01  0.3302598e+01
2124  0.3128711e+01 -0.9756877e+00
2224 -0.2931286e+00 -0.6756861e+01
2324  0.1065166e+01 -0.7212969e+01
2424  0.4239703e+01 -0.1915358e+01
2524  0.1353671e+01  0.2795298e+01
2624 -0.1856130e+01  0.2888249e+01
2724 -0.7026278e+00  0.4371588e+01
2824  0.1180339e+01  0.4817207e+01
2924  0.1872919e+01 -0.2678543e+01
3024  0.4702772e+01 -0.4513352e+01
3124  0.4490394e+01  0.2665253e+00
3224 -0.3530648e+00 -0.3940816e+00
 125  0.9111922e+00 -0.1999319e+01
 225 -0.1205485e+01  0.6016759e+01
 325 -0.5102776e+01 -0.8542343e+01
 425  0.7955871e+01 -0.2819560e+00
 525 -0.7213362e+01  0.8232844e+01
 625 -0.1365071e+01  0.5911510e+01
 725 -0.4002439e+01  0.3438935e+01
 825 -0.5569261e+01  0.6605042e+01
 925 -0.1011960e+00 -0.2599998e+01
1025  0.8962296e+01  0.3858739e+00
1125  0.6250792e+01  0.1185519e+01
1225  0.4909137e+01  0.5841649e+00
1325  0.4553663e+01  0.2073852e+01
1425 -0.1142091e+01  0.9383160e+01
1525 -0.9742383e+01  0.1188622e+01
1625 -0.8962508e+01 -0.5003558e+01
1725 -0.1471777e+01 -0.3225851e+01
1825  0.3893063e+01  0.7505696e+00
1925  0.9737136e+01 -0.7504957e+00
2025  0.8612613e+01  0.6056178e+00
2125 -0.1864740e+01  0.4900793e+01
2225 -0.7775185e+01 -0.1541615e+00
2325 -0.3645809e+01 -0.2093597e+01
2425  0.6367021e+00  0.1559484e+01
2525 -0.1743941e+01  0.1297749e+01
2625  0.9408227e+00 -0.3564745e+00
2725  0.4081210e+01  0.1369735e+01
2825 -0.8227281e+00  0.3169843e+01
2925 -0.2191220e+01 -0.4129674e+00
3025 -0.7930177e+00 -0.4542188e+01
3125  0.2329988e+00 -0.2996713e+01
3225  0.4097872e+01 -0.7432559e+00
 126  0.6979843e+00  0.5526024e+00
 226 -0.9047639e+00  0.1233359e+02
 326  0.4776855e+01 -0.1350297e+02
 426  0.3042849e+01  0.1421079e+02
 526  0.1960922e+00 -0.2694142e+01
 626  0.6471912e+01  0.1307076e+02
 726 -0.2406303e+01  0.9856532e+01
 826 -0.1138616e+02  0.7397298e+00
 926  0.3798656e+01 -0.1008337e+00
1026  0.6140787e+01  0.3733703e+01
1126  0.4755605e+01 -0.5235300e+01
1226  0.3745774e+01 -0.2510419e+01
1326  0.5363481e+01  0.1094465e+01
1426 -0.2174664e+01  0.2873751e+01
1526 -0.1796409e+01  0.4911922e+01
1626 -0.2231105e+01  0.2509320e+01
1726 -0.3720836e+01  0.1007923e+01
1826  0.5006129e+00 -0.2655385e+01
1926  0.5511559e+01 -0.6212172e+01
2026  0.2325739e+01 -0.2163768e+01
2126  0.9037843e+00  0.1873969e+00
2226  0.3224580e+01  0.3559430e+01
2326 -0.3898487e+00  0.8803146e+01
2426 -0.4217398e+01  0.3589568e+01
2526 -0.3022505e+01 -0.6270054e+01
2626  0.2728331e+01 -0.6346422e+01
2726  0.4217250e+01 -0.2685268e+01
2826  0.1106644e+01  0.2864889e+00
2926  0.1550826e+01  0.5166055e+01
3026 -0.7979589e+00  0.4822994e+01
3126 -0.4832376e+01  0.1136310e+01
3226 -0.2821059e+00 -0.7326524e+00
 127 -0.4431379e+01 -0.3094976e+01
 227 -0.3749267e+01  0.8815775e+01
 327  0.6048849e+01 -0.1692680e+01
 427 -0.1111565e+02  0.4721727e+01
 527  0.5254000e+01 -0.1315280e+02
 627 -0.1517282e+01  0.7501663e+00
 727  0.9440159e+00  0.5325928e+01
 827 -0.3377309e+00 -0.1040821e+02
 927  0.4802149e+01  0.1025042e+01
1027 -0.2545123e+01 -0.3128240e+01
1127 -0.4264927e+01 -0.9562388e+01
1227 -0.9069915e+00 -0.5026698e+01
1327 -0.3591830e+01 -0.3896086e+01
1427 -0.3927783e+01 -0.4404424e+01
1527  0.7940006e+01  0.3546624e+01
1627  0.6763889e+01  0.9277774e+01
1727 -0.1863213e+00  0.6670864e+01
1827 -0.2192727e+01 -0.8264917e+00
1927 -0.4266978e+01 -0.1173683e+01
2027 -0.5493210e+01 -0.3823157e+01
2127  0.4902066e+00 -0.6822030e+01
2227  0.4940538e+01 -0.7258024e+00
2327  0.2819392e+01  0.5779880e+01
2427  0.3825775e+00  0.3422553e+01
2527 -0.1852297e+01 -0.4179203e+00
2627 -0.3131345e+01  0.1500247e+01
2727 -0.1079980e+01 -0.1593839e+01
2827  0.1476677e+01 -0.2297561e+01
2927  0.3323088e+01  0.3217033e+01
3027  0.3943659e+01  0.2735460e+01
3127  0.1901023e+01  0.3242684e+01
3227 -0.1035362e+01  0.6070616e+01
 128 -0.2747104e+01  0.4362738e-01
 228 -0.2109542e+01  0.3516659e+00
 328  0.4066123e+01  0.2596237e+01
 428 -0.1025132e+02 -0.6141287e+01
 528  0.6989838e+01 -0.4365892e+01
 628 -0.4905109e+01 -0.8881962e+00
 728  0.3261863e+01  0.2167951e+01
 828  0.7266398e+01  0.5519614e+00
 928 -0.3064600e+01  0.7292986e+01
1028 -0.6509549e+01 -0.6294546e+01
1128 -0.2991568e+01 -0.3379710e+01
1228 -0.4201695e+01  0.1710431e+01
1328 -0.3500165e+01 -0.5999131e+00
1428  0.2694784e+01 -0.3599303e+01
1528  0.4223778e+01  0.3553257e+01
1628  0.2471561e+01  0.1483569e+01
1728  0.1562318e+01 -0.4365062e+00
1828  0.2014121e+01  0.7698096e+00
1928 -0.5085105e+01  0.3505788e+01
2028 -0.5797055e+01  0.3364404e+00
2128 -0.1443783e+01 -0.3168004e+01
2228 -0.2164035e+01 -0.1464639e+01
2328 -0.8192415e+00 -0.3793185e+01
2428  0.4263081e+01 -0.3605139e+01
2528  0.4467234e+01  0.3617829e+01
2628 -0.2649799e+01  0.6720926e+01
2728 -0.3100233e+01  0.2930072e+01
2828 -0.1345905e+01 -0.1666309e+01
2928 -0.3328646e+01 -0.3170365e+01
3028 -0.7640502e+00 -0.3078612e+01
3128  0.1833155e+01 -0.9476774e+00
3228  0.8067806e+00  0.3622921e+01
 129  0.7809183e+01  0.3146669e+01
 229  0.6567420e+01 -0.3074893e+01
 329 -0.6574810e+01  0.6464620e+00
 429  0.5540441e+01 -0.5873014e+01
 529  0.1728583e+01  0.9023210e+01
 629  0.1866493e+01 -0.3388628e+01
 729  0.6045515e+00  0.9380152e+00
 829  0.3263964e+01  0.9224840e+01
 929 -0.6244537e+01  0.7439486e+01
1029 -0.1445999e+01 -0.1039788e+01
1129 -0.3209530e+01  0.4027454e+01
1229  0.6673393e+00  0.6287709e+01
1329 -0.5513517e+00  0.1266383e+01
1429  0.2125239e+01  0.1957542e+01
1529 -0.8682320e+00 -0.3081450e+01
1629 -0.3390078e+01 -0.6697543e+01
1729  0.1581577e+00 -0.3839503e+01
1829  0.3760410e+01 -0.5637779e+00
1929  0.1222129e+01  0.9447689e+00
2029  0.2189894e+01  0.6177074e+01
2129 -0.7642069e+00  0.7488292e+01
2229 -0.4475916e+01  0.1326272e+01
2329 -0.1272669e+01 -0.3335526e+01
2429  0.8443062e+00 -0.2592067e+01
2529 -0.1269064e+00 -0.7280009e+00
2629  0.7173578e+00 -0.2928241e+01
2729  0.3344268e+01 -0.6993058e+00
2829  0.1002951e+01  0.1607542e+01
2929 -0.4031051e+01 -0.1062554e+01
3029 -0.3028793e+01  0.8513883e+00
3129  0.8043138e+00  0.2139237e+01
3229  0.1286162e+01 -0.1474977e+01
 130  0.5379583e+01  0.1467702e+00
 230  0.9699019e+01 -0.1914394e+01
 330 -0.9000093e+01 -0.2771921e+00
 430  0.7176054e+01  0.2271464e+01
 530 -0.1296721e+02  0.1856278e+01
 630  0.3131262e+01 -0.5930806e+01
 730 -0.1168682e+01 -0.6515797e+01
 830 -0.6305345e+01  0.8431644e+00
 930  0.1095085e+01 -0.6406018e+01
1030  0.1747887e+01  0.3679228e+01
1130 -0.4570397e+01  0.5847877e+01
1230 -0.2673338e+01 -0.2176003e+01
1330 -0.2434051e+01  0.4874122e-01
1430 -0.2524791e+01  0.4728401e+01
1530 -0.2552054e+01 -0.5171793e+01
1630  0.5723666e+00 -0.4796030e+01
1730  0.1714254e+01  0.2289030e+01
1830  0.1054018e+01  0.1017921e+01
1930  0.3239084e+01 -0.3077488e+01
2030  0.4838426e+01  0.2183329e+01
2130  0.2614068e+01  0.3550962e+01
2230  0.1273477e+01  0.1539000e+01
2330  0.1082654e+01  0.1387123e+01
2430 -0.1833668e+01  0.3835392e+01
2530 -0.2230064e+01  0.1849049e+01
2630  0.4849139e+00 -0.4591183e+01
2730  0.8836068e+00 -0.2519364e+01
2830  0.2620546e+01  0.4834321e+00
2930  0.1413336e+01  0.1775465e+01
3030 -0.2433855e+01  0.4409303e+01
3130 -0.1999591e+01  0.2259909e+01
3230  0.4639295e+00 -0.1124133e+01
 131 -0.3723577e+01 -0.6671220e+00
 231  0.3794189e+01  0.1627918e+01
 331 -0.3331542e+01 -0.7568132e+01
 431  0.3118362e+00  0.9767194e+01
 531 -0.1647847e+02 -0.7329306e+01
 631  0.1337635e+01  0.1163568e+01
 731 -0.1454169e+01 -0.3144666e+01
 831 -0.4006169e+01 -0.3857530e+01
 931  0.6448581e+01 -0.3725229e+01
1031 -0.7369711e+00  0.6872660e+01
1131 -0.4189793e+00  0.2481094e+01
1231  0.1369873e+01  0.1054557e+01
1331 -0.1436667e+01  0.5206124e+00
1431 -0.3190418e+01  0.2902455e+01
1531  0.3606495e+01  0.8677285e+00
1631  0.1821063e+01  0.2452414e+01
1731 -0.2383205e+01  0.1216887e+01
1831 -0.2903680e+01 -0.7917972e+00
1931  0.1646945e+01 -0.1106840e+01
2031 -0.1124809e+01 -0.2860126e+01
2131  0.2611328e+00 -0.6337866e+01
2231  0.3591194e+01 -0.3570561e+01
2331 -0.1594037e+00  0.2314207e+01
2431 -0.3154572e+01  0.6357238e+00
2531  0.4157953e+00 -0.8815281e+00
2631  0.2377428e+01  0.1837849e+01
2731 -0.2840471e+01  0.1478483e+01
2831 -0.7186794e+00 -0.6144460e+00
2931  0.2861294e+01 -0.2205863e+01
3031 -0.1177606e+01  0.4191638e+00
3131 -0.1361160e+01  0.1592440e+01
3231  0.1001573e+01 -0.1032647e+01
 132 -0.6902381e+00 -0.3922501e+01
 232 -0.1733073e+01  0.2765204e+01
 332 -0.3421605e-01 -0.5250755e+01
 432 -0.1285156e+01  0.7826304e+01
 532  0.2617957e+01 -0.4843037e+01
 632 -0.2048562e+01  0.9484226e+01
 732  0.7919323e-01  0.5455001e+01
 832  0.1361210e+01 -0.1006823e+01
 932  0.5219841e+01  0.7770977e+01
1032 -0.7324426e+01  0.4500189e+01
1132  0.3892210e+01  0.5742251e+00
1232  0.7178318e+01  0.1325121e+01
1332  0.1356110e+01  0.3734347e+01
1432  0.3892931e+00 -0.4250822e+00
1532  0.3089272e+01  0.2517707e+01
1632 -0.8865469e+00  0.2179876e+01
1732 -0.4813551e+01 -0.2248419e+01
1832 -0.3149724e+01 -0.2443008e+01
1932  0.6120039e+00  0.1461867e+01
2032 -0.9590365e+00 -0.2255077e+01
2132  0.2426976e-01 -0.1203142e+01
2232  0.5995964e+00  0.1303198e+01
2332 -0.2112159e+01  0.1883399e+00
2432 -0.1303079e+01 -0.2878704e+00
2532  0.1394325e+01  0.8124657e+00
2632  0.8858508e-01  0.2646290e+01
2732 -0.6086004e+00  0.5992863e+00
2832 -0.8882099e+00  0.2174639e+00
2932 -0.1578439e+01  0.1626932e+00
3032  0.1039081e+01 -0.2401864e+01
3132  0.3240838e+01 -0.1159247e+01
3232  0.1606709e+01  0.1867695e+01
c
c     the above data is the spectral analysis of the
c     1 degree x 1 degree global topography (provided
c     by Gates
c     on each line are the spectral indices of the wave
c     and then its real and imaginary parts
c
