   1
 101
[1,1001:
  9.998638d-03
  9.998623d-03
  9.998638d-03
  9.998623d-03
  9.998638d-03
  9.998623d-03
  9.998638d-03
  9.998623d-03
  9.998638d-03
  9.998623d-03
  9.998638d-03
  9.998623d-03
  9.998638d-03
  9.998623d-03
  9.998638d-03
  9.998623d-03
  9.998638d-03
  9.998623d-03
  9.998638d-03
  9.998623d-03
  9.998638d-03
  9.998623d-03
  9.998638d-03
  9.998622d-03
  9.998638d-03
  9.998622d-03
  9.998638d-03
  9.998622d-03
  9.998638d-03
  9.998622d-03
  9.998638d-03
  9.998622d-03
  9.998637d-03
  9.998622d-03
  9.998637d-03
  9.998622d-03
  9.998637d-03
  9.998622d-03
  9.998637d-03
  9.998622d-03
  9.998637d-03
  9.998622d-03
  9.998637d-03
  9.998622d-03
  9.998637d-03
  9.998622d-03
  9.998637d-03
  9.998622d-03
  9.998637d-03
  9.998622d-03
  9.998637d-03
  9.998622d-03
  9.998637d-03
  9.998622d-03
  9.998637d-03
  9.998622d-03
  9.998637d-03
  9.998622d-03
  9.998637d-03
  9.998622d-03
  9.998637d-03
  9.998622d-03
  9.998637d-03
  9.998622d-03
  9.998637d-03
  9.998622d-03
  9.998637d-03
  9.998622d-03
  9.998637d-03
  9.998622d-03
  9.998637d-03
  9.998622d-03
  9.998637d-03
  9.998622d-03
  9.998637d-03
  9.998622d-03
  9.998637d-03
  9.998622d-03
  9.998637d-03
  9.998622d-03
  9.998637d-03
  9.998622d-03
  9.998637d-03
  9.998622d-03
  9.998637d-03
  9.998622d-03
  9.998637d-03
  9.998622d-03
  9.998637d-03
  9.998622d-03
  9.998637d-03
  9.998622d-03
  9.998637d-03
  9.998622d-03
  9.998637d-03
  9.998622d-03
  9.998637d-03
  9.998622d-03
  9.998637d-03
  9.998622d-03
  9.998637d-03
  9.998622d-03
  9.998637d-03
  9.998622d-03
  9.998637d-03
  9.998622d-03
  9.998637d-03
  9.998622d-03
  9.998637d-03
  9.998622d-03
  9.998637d-03
  9.998622d-03
  9.998637d-03
  9.998622d-03
  9.998637d-03
  9.998622d-03
  9.998637d-03
  9.998622d-03
  9.998637d-03
  9.998622d-03
  9.998637d-03
  9.998622d-03
  9.998637d-03
  9.998622d-03
  9.998637d-03
  9.998622d-03
  9.998637d-03
  9.998622d-03
  9.998637d-03
  9.998622d-03
  9.998637d-03
  9.998621d-03
  9.998637d-03
  9.998621d-03
  9.998637d-03
  9.998621d-03
  9.998637d-03
  9.998621d-03
  9.998636d-03
  9.998621d-03
  9.998636d-03
  9.998621d-03
  9.998636d-03
  9.998621d-03
  9.998636d-03
  9.998621d-03
  9.998636d-03
  9.998621d-03
  9.998636d-03
  9.998621d-03
  9.998636d-03
  9.998621d-03
  9.998636d-03
  9.998621d-03
  9.998636d-03
  9.998621d-03
  9.998636d-03
  9.998621d-03
  9.998636d-03
  9.998621d-03
  9.998636d-03
  9.998621d-03
  9.998636d-03
  9.998621d-03
  9.998636d-03
  9.998621d-03
  9.998636d-03
  9.998621d-03
  9.998636d-03
  9.998621d-03
  9.998636d-03
  9.998621d-03
  9.998636d-03
  9.998621d-03
  9.998636d-03
  9.998621d-03
  9.998636d-03
  9.998621d-03
  9.998636d-03
  9.998621d-03
  9.998636d-03
  9.998621d-03
  9.998636d-03
  9.998621d-03
  9.998636d-03
  9.998621d-03
  9.998636d-03
  9.998621d-03
  9.998636d-03
  9.998621d-03
  9.998636d-03
  9.998621d-03
  9.998636d-03
  9.998621d-03
  9.998636d-03
  9.998621d-03
  9.998636d-03
  9.998621d-03
  9.998636d-03
  9.998621d-03
  9.998636d-03
  9.998621d-03
  9.998636d-03
  9.998621d-03
  9.998636d-03
  9.998621d-03
  9.998636d-03
  9.998621d-03
  9.998636d-03
  9.998621d-03
  9.998636d-03
  9.998621d-03
  9.998636d-03
  9.998621d-03
  9.998636d-03
  9.998621d-03
  9.998636d-03
  9.998621d-03
  9.998636d-03
  9.998621d-03
  9.998636d-03
  9.998621d-03
  9.998636d-03
  9.998621d-03
  9.998636d-03
  9.998621d-03
  9.998636d-03
  9.998621d-03
  9.998636d-03
  9.998621d-03
  9.998636d-03
  9.998621d-03
  9.998636d-03
  9.998621d-03
  9.998636d-03
  9.998621d-03
  9.998636d-03
  9.998621d-03
  9.998636d-03
  9.998620d-03
  9.998636d-03
  9.998620d-03
  9.998636d-03
  9.998620d-03
  9.998636d-03
  9.998620d-03
  9.998635d-03
  9.998620d-03
  9.998635d-03
  9.998620d-03
  9.998635d-03
  9.998620d-03
  9.998635d-03
  9.998620d-03
  9.998635d-03
  9.998620d-03
  9.998635d-03
  9.998620d-03
  9.998635d-03
  9.998620d-03
  9.998635d-03
  9.998620d-03
  9.998635d-03
  9.998620d-03
  9.998635d-03
  9.998620d-03
  9.998635d-03
  9.998620d-03
  9.998635d-03
  9.998620d-03
  9.998635d-03
  9.998620d-03
  9.998635d-03
  9.998620d-03
  9.998635d-03
  9.998620d-03
  9.998635d-03
  9.998620d-03
  9.998635d-03
  9.998620d-03
  9.998635d-03
  9.998620d-03
  9.998635d-03
  9.998620d-03
  9.998635d-03
  9.998620d-03
  9.998635d-03
  9.998620d-03
  9.998635d-03
  9.998620d-03
  9.998635d-03
  9.998620d-03
  9.998635d-03
  9.998620d-03
  9.998635d-03
  9.998620d-03
  9.998635d-03
  9.998620d-03
  9.998635d-03
  9.998620d-03
  9.998635d-03
  9.998620d-03
  9.998635d-03
  9.998620d-03
  9.998635d-03
  9.998620d-03
  9.998635d-03
  9.998620d-03
  9.998635d-03
  9.998620d-03
  9.998635d-03
  9.998620d-03
  9.998635d-03
  9.998620d-03
  9.998635d-03
  9.998620d-03
  9.998635d-03
  9.998620d-03
  9.998635d-03
  9.998620d-03
  9.998635d-03
  9.998620d-03
  9.998635d-03
  9.998620d-03
  9.998635d-03
  9.998620d-03
  9.998635d-03
  9.998620d-03
  9.998635d-03
  9.998620d-03
  9.998635d-03
  9.998620d-03
  9.998635d-03
  9.998620d-03
  9.998635d-03
  9.998620d-03
  9.998635d-03
  9.998620d-03
  9.998635d-03
  9.998620d-03
  9.998635d-03
  9.998620d-03
  9.998635d-03
  9.998620d-03
  9.998635d-03
  9.998620d-03
  9.998635d-03
  9.998619d-03
  9.998635d-03
  9.998619d-03
  9.998635d-03
  9.998619d-03
  9.998635d-03
  9.998619d-03
  9.998634d-03
  9.998619d-03
  9.998634d-03
  9.998619d-03
  9.998634d-03
  9.998619d-03
  9.998634d-03
  9.998619d-03
  9.998634d-03
  9.998619d-03
  9.998634d-03
  9.998619d-03
  9.998634d-03
  9.998619d-03
  9.998634d-03
  9.998619d-03
  9.998634d-03
  9.998619d-03
  9.998634d-03
  9.998619d-03
  9.998634d-03
  9.998619d-03
  9.998634d-03
  9.998619d-03
  9.998634d-03
  9.998619d-03
  9.998634d-03
  9.998619d-03
  9.998634d-03
  9.998619d-03
  9.998634d-03
  9.998619d-03
  9.998634d-03
  9.998619d-03
  9.998634d-03
  9.998619d-03
  9.998634d-03
  9.998619d-03
  9.998634d-03
  9.998619d-03
  9.998634d-03
  9.998619d-03
  9.998634d-03
  9.998619d-03
  9.998634d-03
  9.998619d-03
  9.998634d-03
  9.998619d-03
  9.998634d-03
  9.998619d-03
  9.998634d-03
  9.998619d-03
  9.998634d-03
  9.998619d-03
  9.998634d-03
  9.998619d-03
  9.998634d-03
  9.998619d-03
  9.998634d-03
  9.998619d-03
  9.998634d-03
  9.998619d-03
  9.998634d-03
  9.998619d-03
  9.998634d-03
  9.998619d-03
  9.998634d-03
  9.998619d-03
  9.998634d-03
  9.998619d-03
  9.998634d-03
  9.998619d-03
  9.998634d-03
  9.998619d-03
  9.998634d-03
  9.998619d-03
  9.998634d-03
  9.998619d-03
  9.998634d-03
  9.998619d-03
  9.998634d-03
  9.998619d-03
  9.998634d-03
  9.998619d-03
  9.998634d-03
  9.998619d-03
  9.998634d-03
  9.998619d-03
  9.998634d-03
  9.998619d-03
  9.998634d-03
  9.998619d-03
  9.998634d-03
  9.998619d-03
  9.998634d-03
  9.998619d-03
  9.998634d-03
  9.998619d-03
  9.998634d-03
  9.998618d-03
  9.998634d-03
  9.998618d-03
  9.998634d-03
  9.998618d-03
  9.998634d-03
  9.998618d-03
  9.998633d-03
  9.998618d-03
  9.998633d-03
  9.998618d-03
  9.998633d-03
  9.998618d-03
  9.998633d-03
  9.998618d-03
  9.998633d-03
  9.998618d-03
  9.998633d-03
  9.998618d-03
  9.998633d-03
  9.998618d-03
  9.998633d-03
  9.998618d-03
  9.998633d-03
  9.998618d-03
  9.998633d-03
  9.998618d-03
  9.998633d-03
  9.998618d-03
  9.998633d-03
  9.998618d-03
  9.998633d-03
  9.998618d-03
  9.998633d-03
  9.998618d-03
  9.998633d-03
  9.998618d-03
  9.998633d-03
  9.998618d-03
  9.998633d-03
  9.998618d-03
  9.998633d-03
  9.998618d-03
  9.998633d-03
  9.998618d-03
  9.998633d-03
  9.998618d-03
  9.998633d-03
  9.998618d-03
  9.998633d-03
  9.998618d-03
  9.998633d-03
  9.998618d-03
  9.998633d-03
  9.998618d-03
  9.998633d-03
  9.998618d-03
  9.998633d-03
  9.998618d-03
  9.998633d-03
  9.998618d-03
  9.998633d-03
  9.998618d-03
  9.998633d-03
  9.998618d-03
  9.998633d-03
  9.998618d-03
  9.998633d-03
  9.998618d-03
  9.998633d-03
  9.998618d-03
  9.998633d-03
  9.998618d-03
  9.998633d-03
  9.998618d-03
  9.998633d-03
  9.998618d-03
  9.998633d-03
  9.998618d-03
  9.998633d-03
  9.998618d-03
  9.998633d-03
  9.998618d-03
  9.998633d-03
  9.998618d-03
  9.998633d-03
  9.998618d-03
  9.998633d-03
  9.998618d-03
  9.998633d-03
  9.998618d-03
  9.998633d-03
  9.998618d-03
  9.998633d-03
  9.998618d-03
  9.998633d-03
  9.998618d-03
  9.998633d-03
  9.998618d-03
  9.998633d-03
  9.998618d-03
  9.998633d-03
  9.998618d-03
  9.998633d-03
  9.998618d-03
  9.998633d-03
  9.998618d-03
  9.998633d-03
  9.998617d-03
  9.998633d-03
  9.998617d-03
  9.998633d-03
  9.998617d-03
  9.998633d-03
  9.998617d-03
  9.998632d-03
  9.998617d-03
  9.998632d-03
  9.998617d-03
  9.998632d-03
  9.998617d-03
  9.998632d-03
  9.998617d-03
  9.998632d-03
  9.998617d-03
  9.998632d-03
  9.998617d-03
  9.998632d-03
  9.998617d-03
  9.998632d-03
  9.998617d-03
  9.998632d-03
  9.998617d-03
  9.998632d-03
  9.998617d-03
  9.998632d-03
  9.998617d-03
  9.998632d-03
  9.998617d-03
  9.998632d-03
  9.998617d-03
  9.998632d-03
  9.998617d-03
  9.998632d-03
  9.998617d-03
  9.998632d-03
  9.998617d-03
  9.998632d-03
  9.998617d-03
  9.998632d-03
  9.998617d-03
  9.998632d-03
  9.998617d-03
  9.998632d-03
  9.998617d-03
  9.998632d-03
  9.998617d-03
  9.998632d-03
  9.998617d-03
  9.998632d-03
  9.998617d-03
  9.998632d-03
  9.998617d-03
  9.998632d-03
  9.998617d-03
  9.998632d-03
  9.998617d-03
  9.998632d-03
  9.998617d-03
  9.998632d-03
  9.998617d-03
  9.998632d-03
  9.998617d-03
  9.998632d-03
  9.998617d-03
  9.998632d-03
  9.998617d-03
  9.998632d-03
  9.998617d-03
  9.998632d-03
  9.998617d-03
  9.998632d-03
  9.998617d-03
  9.998632d-03
  9.998617d-03
  9.998632d-03
  9.998617d-03
  9.998632d-03
  9.998617d-03
  9.998632d-03
  9.998617d-03
  9.998632d-03
  9.998617d-03
  9.998632d-03
  9.998617d-03
  9.998632d-03
  9.998617d-03
  9.998632d-03
  9.998617d-03
  9.998632d-03
  9.998617d-03
  9.998632d-03
  9.998617d-03
  9.998632d-03
  9.998617d-03
  9.998632d-03
  9.998617d-03
  9.998632d-03
  9.998617d-03
  9.998632d-03
  9.998617d-03
  9.998632d-03
  9.998617d-03
  9.998632d-03
  9.998617d-03
  9.998632d-03
  9.998616d-03
  9.998632d-03
  9.998616d-03
  9.998632d-03
  9.998616d-03
  9.998632d-03
  9.998616d-03
  9.998631d-03
  9.998616d-03
  9.998631d-03
  9.998616d-03
  9.998631d-03
  9.998616d-03
  9.998631d-03
  9.998616d-03
  9.998631d-03
  9.998616d-03
  9.998631d-03
  9.998616d-03
  9.998631d-03
  9.998616d-03
  9.998631d-03
  9.998616d-03
  9.998631d-03
  9.998616d-03
  9.998631d-03
  9.998616d-03
  9.998631d-03
  9.998616d-03
  9.998631d-03
  9.998616d-03
  9.998631d-03
  9.998616d-03
  9.998631d-03
  9.998616d-03
  9.998631d-03
  9.998616d-03
  9.998631d-03
  9.998616d-03
  9.998631d-03
  9.998616d-03
  9.998631d-03
  9.998616d-03
  9.998631d-03
  9.998616d-03
  9.998631d-03
  9.998616d-03
  9.998631d-03
  9.998616d-03
  9.998631d-03
  9.998616d-03
  9.998631d-03
  9.998616d-03
  9.998631d-03
  9.998616d-03
  9.998631d-03
  9.998616d-03
  9.998631d-03
  9.998616d-03
  9.998631d-03
  9.998616d-03
  9.998631d-03
  9.998616d-03
  9.998631d-03
  9.998616d-03
  9.998631d-03
  9.998616d-03
  9.998631d-03
  9.998616d-03
  9.998631d-03
  9.998616d-03
  9.998631d-03
  9.998616d-03
  9.998631d-03
  9.998616d-03
  9.998631d-03
  9.998616d-03
  9.998631d-03
  9.998616d-03
  9.998631d-03
  9.998616d-03
  9.998631d-03
  9.998616d-03
  9.998631d-03
  9.998616d-03
  9.998631d-03
  9.998616d-03
  9.998631d-03
  9.998616d-03
  9.998631d-03
  9.998616d-03
  9.998631d-03
  9.998616d-03
  9.998631d-03
  9.998616d-03
  9.998631d-03
  9.998616d-03
  9.998631d-03
  9.998616d-03
  9.998631d-03
  9.998616d-03
  9.998631d-03
  9.998616d-03
  9.998631d-03
  9.998616d-03
  9.998631d-03
  9.998616d-03
  9.998631d-03
  9.998615d-03
  9.998631d-03
  9.998615d-03
  9.998631d-03
  9.998615d-03
  9.998631d-03
  9.998615d-03
  9.998630d-03
  9.998615d-03
  9.998630d-03
  9.998615d-03
  9.998630d-03
  9.998615d-03
  9.998630d-03
  9.998615d-03
  9.998630d-03
  9.998615d-03
  9.998630d-03
  9.998615d-03
  9.998630d-03
  9.998615d-03
  9.998630d-03
  9.998615d-03
  9.998630d-03
  9.998615d-03
  9.998630d-03
  9.998615d-03
  9.998630d-03
  9.998615d-03
  9.998630d-03
  9.998615d-03
  9.998630d-03
  9.998615d-03
  9.998630d-03
  9.998615d-03
  9.998630d-03
  9.998615d-03
  9.998630d-03
  9.998615d-03
  9.998630d-03
  9.998615d-03
  9.998630d-03
  9.998615d-03
  9.998630d-03
  9.998615d-03
  9.998630d-03
  9.998615d-03
  9.998630d-03
  9.998615d-03
  9.998630d-03
  9.998615d-03
  9.998630d-03
  9.998615d-03
  9.998630d-03
  9.998615d-03
  9.998630d-03
  9.998615d-03
  9.998630d-03
  9.998615d-03
  9.998630d-03
  9.998615d-03
  9.998630d-03
  9.998615d-03
  9.998630d-03
  9.998615d-03
  9.998630d-03
  9.998615d-03
  9.998630d-03
  9.998615d-03
  9.998630d-03
  9.998615d-03
  9.998630d-03
  9.998615d-03
  9.998630d-03
  9.998615d-03
  9.998630d-03
  9.998615d-03
  9.998630d-03
  9.998615d-03
  9.998630d-03
  9.998615d-03
  9.998630d-03
  9.998615d-03
  9.998630d-03
  9.998615d-03
  9.998630d-03
  9.998615d-03
  9.998630d-03
  9.998615d-03
  9.998630d-03
  9.998615d-03
  9.998630d-03
  9.998615d-03
  9.998630d-03
  9.998615d-03
  9.998630d-03
  9.998615d-03
  9.998630d-03
  9.998615d-03
  9.998630d-03
  9.998615d-03
  9.998630d-03
  9.998615d-03
  9.998630d-03
  9.998615d-03
  9.998630d-03
  9.998615d-03
  9.998630d-03
  9.998614d-03
  9.998630d-03
  9.998614d-03
  9.998630d-03
  9.998614d-03
  9.998629d-03
  9.998614d-03
  9.998629d-03
  9.998614d-03
  9.998629d-03
  9.998614d-03
  9.998629d-03
  9.998614d-03
  9.998629d-03
  9.998614d-03
  9.998629d-03
  9.998614d-03
  9.998629d-03
  9.998614d-03
  9.998629d-03
  9.998614d-03
  9.998629d-03
  9.998614d-03
  9.998629d-03
  9.998614d-03
  9.998629d-03
  9.998614d-03
  9.998629d-03
  9.998614d-03
  9.998629d-03
  9.998614d-03
  9.998629d-03
  9.998614d-03
  9.998629d-03
  9.998614d-03
  9.998629d-03
  9.998614d-03
  9.998629d-03
  9.998614d-03
  9.998629d-03
  9.998614d-03
  9.998629d-03
  9.998614d-03
  9.998629d-03
  9.998614d-03
  9.998629d-03
  9.998614d-03
  9.998629d-03
  9.998614d-03
  9.998629d-03
  9.998614d-03
  9.998629d-03
  9.998614d-03
  9.998629d-03
  9.998614d-03
  9.998629d-03
  9.998614d-03
  9.998629d-03
  9.998614d-03
  9.998629d-03
  9.998614d-03
  9.998629d-03
  9.998614d-03
  9.998629d-03
  9.998614d-03
  9.998629d-03
  9.998614d-03
  9.998629d-03
  9.998614d-03
  9.998629d-03
  9.998614d-03
  9.998629d-03
  9.998614d-03
  9.998629d-03
  9.998614d-03
  9.998629d-03
  9.998614d-03
  9.998629d-03
  9.998614d-03
  9.998629d-03
  9.998614d-03
  9.998629d-03
  9.998614d-03
  9.998629d-03
  9.998614d-03
  9.998629d-03
  9.998614d-03
  9.998629d-03
  9.998614d-03
  9.998629d-03
  9.998614d-03
  9.998629d-03
  9.998614d-03
  9.998629d-03
  9.998614d-03
  9.998629d-03
  9.998614d-03
  9.998629d-03
  9.998614d-03
  9.998629d-03
  9.998614d-03
  9.998629d-03
  9.998614d-03
  9.998629d-03
  9.998614d-03
  9.998629d-03
  9.998613d-03
  9.998629d-03
  9.998613d-03
  9.998629d-03
  9.998613d-03
  9.998629d-03
  9.998613d-03
  9.998628d-03
  9.998613d-03
  9.998628d-03
] [1,1001:
  9.998619d-03
  9.998604d-03
  9.998619d-03
  9.998604d-03
  9.998619d-03
  9.998604d-03
  9.998619d-03
  9.998604d-03
  9.998619d-03
  9.998604d-03
  9.998619d-03
  9.998604d-03
  9.998619d-03
  9.998604d-03
  9.998619d-03
  9.998604d-03
  9.998619d-03
  9.998604d-03
  9.998619d-03
  9.998604d-03
  9.998619d-03
  9.998604d-03
  9.998619d-03
  9.998604d-03
  9.998619d-03
  9.998604d-03
  9.998619d-03
  9.998604d-03
  9.998619d-03
  9.998604d-03
  9.998619d-03
  9.998604d-03
  9.998619d-03
  9.998604d-03
  9.998619d-03
  9.998604d-03
  9.998619d-03
  9.998604d-03
  9.998619d-03
  9.998604d-03
  9.998619d-03
  9.998604d-03
  9.998619d-03
  9.998604d-03
  9.998619d-03
  9.998604d-03
  9.998619d-03
  9.998604d-03
  9.998619d-03
  9.998604d-03
  9.998619d-03
  9.998604d-03
  9.998619d-03
  9.998604d-03
  9.998619d-03
  9.998604d-03
  9.998619d-03
  9.998604d-03
  9.998619d-03
  9.998604d-03
  9.998619d-03
  9.998604d-03
  9.998619d-03
  9.998604d-03
  9.998619d-03
  9.998604d-03
  9.998619d-03
  9.998603d-03
  9.998619d-03
  9.998603d-03
  9.998619d-03
  9.998603d-03
  9.998618d-03
  9.998603d-03
  9.998618d-03
  9.998603d-03
  9.998618d-03
  9.998603d-03
  9.998618d-03
  9.998603d-03
  9.998618d-03
  9.998603d-03
  9.998618d-03
  9.998603d-03
  9.998618d-03
  9.998603d-03
  9.998618d-03
  9.998603d-03
  9.998618d-03
  9.998603d-03
  9.998618d-03
  9.998603d-03
  9.998618d-03
  9.998603d-03
  9.998618d-03
  9.998603d-03
  9.998618d-03
  9.998603d-03
  9.998618d-03
  9.998603d-03
  9.998618d-03
  9.998603d-03
  9.998618d-03
  9.998603d-03
  9.998618d-03
  9.998603d-03
  9.998618d-03
  9.998603d-03
  9.998618d-03
  9.998603d-03
  9.998618d-03
  9.998603d-03
  9.998618d-03
  9.998603d-03
  9.998618d-03
  9.998603d-03
  9.998618d-03
  9.998603d-03
  9.998618d-03
  9.998603d-03
  9.998618d-03
  9.998603d-03
  9.998618d-03
  9.998603d-03
  9.998618d-03
  9.998603d-03
  9.998618d-03
  9.998603d-03
  9.998618d-03
  9.998603d-03
  9.998618d-03
  9.998603d-03
  9.998618d-03
  9.998603d-03
  9.998618d-03
  9.998603d-03
  9.998618d-03
  9.998603d-03
  9.998618d-03
  9.998603d-03
  9.998618d-03
  9.998603d-03
  9.998618d-03
  9.998603d-03
  9.998618d-03
  9.998603d-03
  9.998618d-03
  9.998603d-03
  9.998618d-03
  9.998603d-03
  9.998618d-03
  9.998603d-03
  9.998618d-03
  9.998603d-03
  9.998618d-03
  9.998603d-03
  9.998618d-03
  9.998603d-03
  9.998618d-03
  9.998603d-03
  9.998618d-03
  9.998603d-03
  9.998618d-03
  9.998603d-03
  9.998618d-03
  9.998603d-03
  9.998618d-03
  9.998603d-03
  9.998618d-03
  9.998603d-03
  9.998618d-03
  9.998603d-03
  9.998618d-03
  9.998603d-03
  9.998618d-03
  9.998602d-03
  9.998618d-03
  9.998602d-03
  9.998618d-03
  9.998602d-03
  9.998617d-03
  9.998602d-03
  9.998617d-03
  9.998602d-03
  9.998617d-03
  9.998602d-03
  9.998617d-03
  9.998602d-03
  9.998617d-03
  9.998602d-03
  9.998617d-03
  9.998602d-03
  9.998617d-03
  9.998602d-03
  9.998617d-03
  9.998602d-03
  9.998617d-03
  9.998602d-03
  9.998617d-03
  9.998602d-03
  9.998617d-03
  9.998602d-03
  9.998617d-03
  9.998602d-03
  9.998617d-03
  9.998602d-03
  9.998617d-03
  9.998602d-03
  9.998617d-03
  9.998602d-03
  9.998617d-03
  9.998602d-03
  9.998617d-03
  9.998602d-03
  9.998617d-03
  9.998602d-03
  9.998617d-03
  9.998602d-03
  9.998617d-03
  9.998602d-03
  9.998617d-03
  9.998602d-03
  9.998617d-03
  9.998602d-03
  9.998617d-03
  9.998602d-03
  9.998617d-03
  9.998602d-03
  9.998617d-03
  9.998602d-03
  9.998617d-03
  9.998602d-03
  9.998617d-03
  9.998602d-03
  9.998617d-03
  9.998602d-03
  9.998617d-03
  9.998602d-03
  9.998617d-03
  9.998602d-03
  9.998617d-03
  9.998602d-03
  9.998617d-03
  9.998602d-03
  9.998617d-03
  9.998602d-03
  9.998617d-03
  9.998602d-03
  9.998617d-03
  9.998602d-03
  9.998617d-03
  9.998602d-03
  9.998617d-03
  9.998602d-03
  9.998617d-03
  9.998602d-03
  9.998617d-03
  9.998602d-03
  9.998617d-03
  9.998602d-03
  9.998617d-03
  9.998602d-03
  9.998617d-03
  9.998602d-03
  9.998617d-03
  9.998602d-03
  9.998617d-03
  9.998602d-03
  9.998617d-03
  9.998602d-03
  9.998617d-03
  9.998602d-03
  9.998617d-03
  9.998602d-03
  9.998617d-03
  9.998602d-03
  9.998617d-03
  9.998602d-03
  9.998617d-03
  9.998602d-03
  9.998617d-03
  9.998601d-03
  9.998617d-03
  9.998601d-03
  9.998617d-03
  9.998601d-03
  9.998616d-03
  9.998601d-03
  9.998616d-03
  9.998601d-03
  9.998616d-03
  9.998601d-03
  9.998616d-03
  9.998601d-03
  9.998616d-03
  9.998601d-03
  9.998616d-03
  9.998601d-03
  9.998616d-03
  9.998601d-03
  9.998616d-03
  9.998601d-03
  9.998616d-03
  9.998601d-03
  9.998616d-03
  9.998601d-03
  9.998616d-03
  9.998601d-03
  9.998616d-03
  9.998601d-03
  9.998616d-03
  9.998601d-03
  9.998616d-03
  9.998601d-03
  9.998616d-03
  9.998601d-03
  9.998616d-03
  9.998601d-03
  9.998616d-03
  9.998601d-03
  9.998616d-03
  9.998601d-03
  9.998616d-03
  9.998601d-03
  9.998616d-03
  9.998601d-03
  9.998616d-03
  9.998601d-03
  9.998616d-03
  9.998601d-03
  9.998616d-03
  9.998601d-03
  9.998616d-03
  9.998601d-03
  9.998616d-03
  9.998601d-03
  9.998616d-03
  9.998601d-03
  9.998616d-03
  9.998601d-03
  9.998616d-03
  9.998601d-03
  9.998616d-03
  9.998601d-03
  9.998616d-03
  9.998601d-03
  9.998616d-03
  9.998601d-03
  9.998616d-03
  9.998601d-03
  9.998616d-03
  9.998601d-03
  9.998616d-03
  9.998601d-03
  9.998616d-03
  9.998601d-03
  9.998616d-03
  9.998601d-03
  9.998616d-03
  9.998601d-03
  9.998616d-03
  9.998601d-03
  9.998616d-03
  9.998601d-03
  9.998616d-03
  9.998601d-03
  9.998616d-03
  9.998601d-03
  9.998616d-03
  9.998601d-03
  9.998616d-03
  9.998601d-03
  9.998616d-03
  9.998601d-03
  9.998616d-03
  9.998601d-03
  9.998616d-03
  9.998601d-03
  9.998616d-03
  9.998601d-03
  9.998616d-03
  9.998601d-03
  9.998616d-03
  9.998601d-03
  9.998616d-03
  9.998601d-03
  9.998616d-03
  9.998601d-03
  9.998616d-03
  9.998600d-03
  9.998616d-03
  9.998600d-03
  9.998616d-03
  9.998600d-03
  9.998615d-03
  9.998600d-03
  9.998615d-03
  9.998600d-03
  9.998615d-03
  9.998600d-03
  9.998615d-03
  9.998600d-03
  9.998615d-03
  9.998600d-03
  9.998615d-03
  9.998600d-03
  9.998615d-03
  9.998600d-03
  9.998615d-03
  9.998600d-03
  9.998615d-03
  9.998600d-03
  9.998615d-03
  9.998600d-03
  9.998615d-03
  9.998600d-03
  9.998615d-03
  9.998600d-03
  9.998615d-03
  9.998600d-03
  9.998615d-03
  9.998600d-03
  9.998615d-03
  9.998600d-03
  9.998615d-03
  9.998600d-03
  9.998615d-03
  9.998600d-03
  9.998615d-03
  9.998600d-03
  9.998615d-03
  9.998600d-03
  9.998615d-03
  9.998600d-03
  9.998615d-03
  9.998600d-03
  9.998615d-03
  9.998600d-03
  9.998615d-03
  9.998600d-03
  9.998615d-03
  9.998600d-03
  9.998615d-03
  9.998600d-03
  9.998615d-03
  9.998600d-03
  9.998615d-03
  9.998600d-03
  9.998615d-03
  9.998600d-03
  9.998615d-03
  9.998600d-03
  9.998615d-03
  9.998600d-03
  9.998615d-03
  9.998600d-03
  9.998615d-03
  9.998600d-03
  9.998615d-03
  9.998600d-03
  9.998615d-03
  9.998600d-03
  9.998615d-03
  9.998600d-03
  9.998615d-03
  9.998600d-03
  9.998615d-03
  9.998600d-03
  9.998615d-03
  9.998600d-03
  9.998615d-03
  9.998600d-03
  9.998615d-03
  9.998600d-03
  9.998615d-03
  9.998600d-03
  9.998615d-03
  9.998600d-03
  9.998615d-03
  9.998600d-03
  9.998615d-03
  9.998600d-03
  9.998615d-03
  9.998600d-03
  9.998615d-03
  9.998600d-03
  9.998615d-03
  9.998600d-03
  9.998615d-03
  9.998600d-03
  9.998615d-03
  9.998600d-03
  9.998615d-03
  9.998600d-03
  9.998615d-03
  9.998600d-03
  9.998615d-03
  9.998599d-03
  9.998615d-03
  9.998599d-03
  9.998615d-03
  9.998599d-03
  9.998614d-03
  9.998599d-03
  9.998614d-03
  9.998599d-03
  9.998614d-03
  9.998599d-03
  9.998614d-03
  9.998599d-03
  9.998614d-03
  9.998599d-03
  9.998614d-03
  9.998599d-03
  9.998614d-03
  9.998599d-03
  9.998614d-03
  9.998599d-03
  9.998614d-03
  9.998599d-03
  9.998614d-03
  9.998599d-03
  9.998614d-03
  9.998599d-03
  9.998614d-03
  9.998599d-03
  9.998614d-03
  9.998599d-03
  9.998614d-03
  9.998599d-03
  9.998614d-03
  9.998599d-03
  9.998614d-03
  9.998599d-03
  9.998614d-03
  9.998599d-03
  9.998614d-03
  9.998599d-03
  9.998614d-03
  9.998599d-03
  9.998614d-03
  9.998599d-03
  9.998614d-03
  9.998599d-03
  9.998614d-03
  9.998599d-03
  9.998614d-03
  9.998599d-03
  9.998614d-03
  9.998599d-03
  9.998614d-03
  9.998599d-03
  9.998614d-03
  9.998599d-03
  9.998614d-03
  9.998599d-03
  9.998614d-03
  9.998599d-03
  9.998614d-03
  9.998599d-03
  9.998614d-03
  9.998599d-03
  9.998614d-03
  9.998599d-03
  9.998614d-03
  9.998599d-03
  9.998614d-03
  9.998599d-03
  9.998614d-03
  9.998599d-03
  9.998614d-03
  9.998599d-03
  9.998614d-03
  9.998599d-03
  9.998614d-03
  9.998599d-03
  9.998614d-03
  9.998599d-03
  9.998614d-03
  9.998599d-03
  9.998614d-03
  9.998599d-03
  9.998614d-03
  9.998599d-03
  9.998614d-03
  9.998599d-03
  9.998614d-03
  9.998599d-03
  9.998614d-03
  9.998599d-03
  9.998614d-03
  9.998599d-03
  9.998614d-03
  9.998599d-03
  9.998614d-03
  9.998599d-03
  9.998614d-03
  9.998599d-03
  9.998614d-03
  9.998599d-03
  9.998614d-03
  9.998599d-03
  9.998614d-03
  9.998599d-03
  9.998614d-03
  9.998598d-03
  9.998614d-03
  9.998598d-03
  9.998614d-03
  9.998598d-03
  9.998613d-03
  9.998598d-03
  9.998613d-03
  9.998598d-03
  9.998613d-03
  9.998598d-03
  9.998613d-03
  9.998598d-03
  9.998613d-03
  9.998598d-03
  9.998613d-03
  9.998598d-03
  9.998613d-03
  9.998598d-03
  9.998613d-03
  9.998598d-03
  9.998613d-03
  9.998598d-03
  9.998613d-03
  9.998598d-03
  9.998613d-03
  9.998598d-03
  9.998613d-03
  9.998598d-03
  9.998613d-03
  9.998598d-03
  9.998613d-03
  9.998598d-03
  9.998613d-03
  9.998598d-03
  9.998613d-03
  9.998598d-03
  9.998613d-03
  9.998598d-03
  9.998613d-03
  9.998598d-03
  9.998613d-03
  9.998598d-03
  9.998613d-03
  9.998598d-03
  9.998613d-03
  9.998598d-03
  9.998613d-03
  9.998598d-03
  9.998613d-03
  9.998598d-03
  9.998613d-03
  9.998598d-03
  9.998613d-03
  9.998598d-03
  9.998613d-03
  9.998598d-03
  9.998613d-03
  9.998598d-03
  9.998613d-03
  9.998598d-03
  9.998613d-03
  9.998598d-03
  9.998613d-03
  9.998598d-03
  9.998613d-03
  9.998598d-03
  9.998613d-03
  9.998598d-03
  9.998613d-03
  9.998598d-03
  9.998613d-03
  9.998598d-03
  9.998613d-03
  9.998598d-03
  9.998613d-03
  9.998598d-03
  9.998613d-03
  9.998598d-03
  9.998613d-03
  9.998598d-03
  9.998613d-03
  9.998598d-03
  9.998613d-03
  9.998598d-03
  9.998613d-03
  9.998598d-03
  9.998613d-03
  9.998598d-03
  9.998613d-03
  9.998598d-03
  9.998613d-03
  9.998598d-03
  9.998613d-03
  9.998598d-03
  9.998613d-03
  9.998598d-03
  9.998613d-03
  9.998598d-03
  9.998613d-03
  9.998598d-03
  9.998613d-03
  9.998598d-03
  9.998613d-03
  9.998598d-03
  9.998613d-03
  9.998598d-03
  9.998613d-03
  9.998597d-03
  9.998613d-03
  9.998597d-03
  9.998613d-03
  9.998597d-03
  9.998612d-03
  9.998597d-03
  9.998612d-03
  9.998597d-03
  9.998612d-03
  9.998597d-03
  9.998612d-03
  9.998597d-03
  9.998612d-03
  9.998597d-03
  9.998612d-03
  9.998597d-03
  9.998612d-03
  9.998597d-03
  9.998612d-03
  9.998597d-03
  9.998612d-03
  9.998597d-03
  9.998612d-03
  9.998597d-03
  9.998612d-03
  9.998597d-03
  9.998612d-03
  9.998597d-03
  9.998612d-03
  9.998597d-03
  9.998612d-03
  9.998597d-03
  9.998612d-03
  9.998597d-03
  9.998612d-03
  9.998597d-03
  9.998612d-03
  9.998597d-03
  9.998612d-03
  9.998597d-03
  9.998612d-03
  9.998597d-03
  9.998612d-03
  9.998597d-03
  9.998612d-03
  9.998597d-03
  9.998612d-03
  9.998597d-03
  9.998612d-03
  9.998597d-03
  9.998612d-03
  9.998597d-03
  9.998612d-03
  9.998597d-03
  9.998612d-03
  9.998597d-03
  9.998612d-03
  9.998597d-03
  9.998612d-03
  9.998597d-03
  9.998612d-03
  9.998597d-03
  9.998612d-03
  9.998597d-03
  9.998612d-03
  9.998597d-03
  9.998612d-03
  9.998597d-03
  9.998612d-03
  9.998597d-03
  9.998612d-03
  9.998597d-03
  9.998612d-03
  9.998597d-03
  9.998612d-03
  9.998597d-03
  9.998612d-03
  9.998597d-03
  9.998612d-03
  9.998597d-03
  9.998612d-03
  9.998597d-03
  9.998612d-03
  9.998597d-03
  9.998612d-03
  9.998597d-03
  9.998612d-03
  9.998597d-03
  9.998612d-03
  9.998597d-03
  9.998612d-03
  9.998597d-03
  9.998612d-03
  9.998597d-03
  9.998612d-03
  9.998597d-03
  9.998612d-03
  9.998597d-03
  9.998612d-03
  9.998597d-03
  9.998612d-03
  9.998597d-03
  9.998612d-03
  9.998597d-03
  9.998612d-03
  9.998597d-03
  9.998612d-03
  9.998596d-03
  9.998612d-03
  9.998596d-03
  9.998612d-03
  9.998596d-03
  9.998611d-03
  9.998596d-03
  9.998611d-03
  9.998596d-03
  9.998611d-03
  9.998596d-03
  9.998611d-03
  9.998596d-03
  9.998611d-03
  9.998596d-03
  9.998611d-03
  9.998596d-03
  9.998611d-03
  9.998596d-03
  9.998611d-03
  9.998596d-03
  9.998611d-03
  9.998596d-03
  9.998611d-03
  9.998596d-03
  9.998611d-03
  9.998596d-03
  9.998611d-03
  9.998596d-03
  9.998611d-03
  9.998596d-03
  9.998611d-03
  9.998596d-03
  9.998611d-03
  9.998596d-03
  9.998611d-03
  9.998596d-03
  9.998611d-03
  9.998596d-03
  9.998611d-03
  9.998596d-03
  9.998611d-03
  9.998596d-03
  9.998611d-03
  9.998596d-03
  9.998611d-03
  9.998596d-03
  9.998611d-03
  9.998596d-03
  9.998611d-03
  9.998596d-03
  9.998611d-03
  9.998596d-03
  9.998611d-03
  9.998596d-03
  9.998611d-03
  9.998596d-03
  9.998611d-03
  9.998596d-03
  9.998611d-03
  9.998596d-03
  9.998611d-03
  9.998596d-03
  9.998611d-03
  9.998596d-03
  9.998611d-03
  9.998596d-03
  9.998611d-03
  9.998596d-03
  9.998611d-03
  9.998596d-03
  9.998611d-03
  9.998596d-03
  9.998611d-03
  9.998596d-03
  9.998611d-03
  9.998596d-03
  9.998611d-03
  9.998596d-03
  9.998611d-03
  9.998596d-03
  9.998611d-03
  9.998596d-03
  9.998611d-03
  9.998596d-03
  9.998611d-03
  9.998596d-03
  9.998611d-03
  9.998596d-03
  9.998611d-03
  9.998596d-03
  9.998611d-03
  9.998596d-03
  9.998611d-03
  9.998596d-03
  9.998611d-03
  9.998596d-03
  9.998611d-03
  9.998596d-03
  9.998611d-03
  9.998596d-03
  9.998611d-03
  9.998596d-03
  9.998611d-03
  9.998596d-03
  9.998611d-03
  9.998596d-03
  9.998611d-03
  9.998595d-03
  9.998611d-03
  9.998595d-03
  9.998610d-03
  9.998595d-03
  9.998610d-03
  9.998595d-03
  9.998610d-03
  9.998595d-03
  9.998610d-03
  9.998595d-03
  9.998610d-03
  9.998595d-03
  9.998610d-03
  9.998595d-03
  9.998610d-03
  9.998595d-03
  9.998610d-03
  9.998595d-03
  9.998610d-03
  9.998595d-03
  9.998610d-03
  9.998595d-03
  9.998610d-03
  9.998595d-03
  9.998610d-03
  9.998595d-03
  9.998610d-03
  9.998595d-03
  9.998610d-03
  9.998595d-03
  9.998610d-03
  9.998595d-03
  9.998610d-03
  9.998595d-03
  9.998610d-03
  9.998595d-03
  9.998610d-03
  9.998595d-03
  9.998610d-03
  9.998595d-03
  9.998610d-03
  9.998595d-03
  9.998610d-03
  9.998595d-03
  9.998610d-03
  9.998595d-03
  9.998610d-03
  9.998595d-03
  9.998610d-03
  9.998595d-03
  9.998610d-03
  9.998595d-03
  9.998610d-03
  9.998595d-03
  9.998610d-03
  9.998595d-03
  9.998610d-03
  9.998595d-03
  9.998610d-03
  9.998595d-03
  9.998610d-03
  9.998595d-03
  9.998610d-03
  9.998595d-03
  9.998610d-03
  9.998595d-03
  9.998610d-03
  9.998595d-03
  9.998610d-03
  9.998595d-03
  9.998610d-03
]
