   1
 990
  9.998765d-03  9.998750d-03  9.998750d-03
[1,1001:
  9.998595d-03    9.998610d-03    9.998595d-03
  9.998610d-03    9.998595d-03    9.998610d-03
  9.998595d-03    9.998610d-03    9.998595d-03
  9.998610d-03    9.998595d-03    9.998610d-03
  9.998595d-03    9.998610d-03    9.998595d-03
  9.998610d-03    9.998595d-03    9.998610d-03
  9.998595d-03    9.998610d-03    9.998595d-03
  9.998610d-03    9.998595d-03    9.998610d-03
  9.998595d-03    9.998610d-03    9.998595d-03
  9.998610d-03    9.998595d-03    9.998610d-03
  9.998595d-03    9.998610d-03    9.998595d-03
  9.998610d-03    9.998595d-03    9.998610d-03
  9.998594d-03    9.998610d-03    9.998594d-03
  9.998609d-03    9.998594d-03    9.998609d-03
  9.998594d-03    9.998609d-03    9.998594d-03
  9.998609d-03    9.998594d-03    9.998609d-03
  9.998594d-03    9.998609d-03    9.998594d-03
  9.998609d-03    9.998594d-03    9.998609d-03
  9.998594d-03    9.998609d-03    9.998594d-03
  9.998609d-03    9.998594d-03    9.998609d-03
  9.998594d-03    9.998609d-03    9.998594d-03
  9.998609d-03    9.998594d-03    9.998609d-03
  9.998594d-03    9.998609d-03    9.998594d-03
  9.998609d-03    9.998594d-03    9.998609d-03
  9.998594d-03    9.998609d-03    9.998594d-03
  9.998609d-03    9.998594d-03    9.998609d-03
  9.998594d-03    9.998609d-03    9.998594d-03
  9.998609d-03    9.998594d-03    9.998609d-03
  9.998594d-03    9.998609d-03    9.998594d-03
  9.998609d-03    9.998594d-03    9.998609d-03
  9.998594d-03    9.998609d-03    9.998594d-03
  9.998609d-03    9.998594d-03    9.998609d-03
  9.998594d-03    9.998609d-03    9.998594d-03
  9.998609d-03    9.998594d-03    9.998609d-03
  9.998594d-03    9.998609d-03    9.998594d-03
  9.998609d-03    9.998594d-03    9.998609d-03
  9.998594d-03    9.998609d-03    9.998594d-03
  9.998609d-03    9.998594d-03    9.998609d-03
  9.998594d-03    9.998609d-03    9.998594d-03
  9.998609d-03    9.998594d-03    9.998609d-03
  9.998594d-03    9.998609d-03    9.998594d-03
  9.998609d-03    9.998594d-03    9.998609d-03
  9.998594d-03    9.998609d-03    9.998594d-03
  9.998609d-03    9.998594d-03    9.998609d-03
  9.998594d-03    9.998609d-03    9.998594d-03
  9.998609d-03    9.998594d-03    9.998609d-03
  9.998594d-03    9.998609d-03    9.998594d-03
  9.998609d-03    9.998594d-03    9.998609d-03
  9.998593d-03    9.998609d-03    9.998593d-03
  9.998608d-03    9.998593d-03    9.998608d-03
  9.998593d-03    9.998608d-03    9.998593d-03
  9.998608d-03    9.998593d-03    9.998608d-03
  9.998593d-03    9.998608d-03    9.998593d-03
  9.998608d-03    9.998593d-03    9.998608d-03
  9.998593d-03    9.998608d-03    9.998593d-03
  9.998608d-03    9.998593d-03    9.998608d-03
  9.998593d-03    9.998608d-03    9.998593d-03
  9.998608d-03    9.998593d-03    9.998608d-03
  9.998593d-03    9.998608d-03    9.998593d-03
  9.998608d-03    9.998593d-03    9.998608d-03
  9.998593d-03    9.998608d-03    9.998593d-03
  9.998608d-03    9.998593d-03    9.998608d-03
  9.998593d-03    9.998608d-03    9.998593d-03
  9.998608d-03    9.998593d-03    9.998608d-03
  9.998593d-03    9.998608d-03    9.998593d-03
  9.998608d-03    9.998593d-03    9.998608d-03
  9.998593d-03    9.998608d-03    9.998593d-03
  9.998608d-03    9.998593d-03    9.998608d-03
  9.998593d-03    9.998608d-03    9.998593d-03
  9.998608d-03    9.998593d-03    9.998608d-03
  9.998593d-03    9.998608d-03    9.998593d-03
  9.998608d-03    9.998593d-03    9.998608d-03
  9.998593d-03    9.998608d-03    9.998593d-03
  9.998608d-03    9.998593d-03    9.998608d-03
  9.998593d-03    9.998608d-03    9.998593d-03
  9.998608d-03    9.998593d-03    9.998608d-03
  9.998593d-03    9.998608d-03    9.998593d-03
  9.998608d-03    9.998593d-03    9.998608d-03
  9.998593d-03    9.998608d-03    9.998593d-03
  9.998608d-03    9.998593d-03    9.998608d-03
  9.998593d-03    9.998608d-03    9.998593d-03
  9.998608d-03    9.998593d-03    9.998608d-03
  9.998593d-03    9.998608d-03    9.998593d-03
  9.998608d-03    9.998592d-03    9.998608d-03
  9.998592d-03    9.998608d-03    9.998592d-03
  9.998607d-03    9.998592d-03    9.998607d-03
  9.998592d-03    9.998607d-03    9.998592d-03
  9.998607d-03    9.998592d-03    9.998607d-03
  9.998592d-03    9.998607d-03    9.998592d-03
  9.998607d-03    9.998592d-03    9.998607d-03
  9.998592d-03    9.998607d-03    9.998592d-03
  9.998607d-03    9.998592d-03    9.998607d-03
  9.998592d-03    9.998607d-03    9.998592d-03
  9.998607d-03    9.998592d-03    9.998607d-03
  9.998592d-03    9.998607d-03    9.998592d-03
  9.998607d-03    9.998592d-03    9.998607d-03
  9.998592d-03    9.998607d-03    9.998592d-03
  9.998607d-03    9.998592d-03    9.998607d-03
  9.998592d-03    9.998607d-03    9.998592d-03
  9.998607d-03    9.998592d-03    9.998607d-03
  9.998592d-03    9.998607d-03    9.998592d-03
  9.998607d-03    9.998592d-03    9.998607d-03
  9.998592d-03    9.998607d-03    9.998592d-03
  9.998607d-03    9.998592d-03    9.998607d-03
  9.998592d-03    9.998607d-03    9.998592d-03
  9.998607d-03    9.998592d-03    9.998607d-03
  9.998592d-03    9.998607d-03    9.998592d-03
  9.998607d-03    9.998592d-03    9.998607d-03
  9.998592d-03    9.998607d-03    9.998592d-03
  9.998607d-03    9.998592d-03    9.998607d-03
  9.998592d-03    9.998607d-03    9.998592d-03
  9.998607d-03    9.998592d-03    9.998607d-03
  9.998592d-03    9.998607d-03    9.998592d-03
  9.998607d-03    9.998592d-03    9.998607d-03
  9.998592d-03    9.998607d-03    9.998592d-03
  9.998607d-03    9.998592d-03    9.998607d-03
  9.998592d-03    9.998607d-03    9.998592d-03
  9.998607d-03    9.998592d-03    9.998607d-03
  9.998592d-03    9.998607d-03    9.998592d-03
  9.998607d-03    9.998591d-03    9.998607d-03
  9.998591d-03    9.998607d-03    9.998591d-03
  9.998606d-03    9.998591d-03    9.998606d-03
  9.998591d-03    9.998606d-03    9.998591d-03
  9.998606d-03    9.998591d-03    9.998606d-03
  9.998591d-03    9.998606d-03    9.998591d-03
  9.998606d-03    9.998591d-03    9.998606d-03
  9.998591d-03    9.998606d-03    9.998591d-03
  9.998606d-03    9.998591d-03    9.998606d-03
  9.998591d-03    9.998606d-03    9.998591d-03
  9.998606d-03    9.998591d-03    9.998606d-03
  9.998591d-03    9.998606d-03    9.998591d-03
  9.998606d-03    9.998591d-03    9.998606d-03
  9.998591d-03    9.998606d-03    9.998591d-03
  9.998606d-03    9.998591d-03    9.998606d-03
  9.998591d-03    9.998606d-03    9.998591d-03
  9.998606d-03    9.998591d-03    9.998606d-03
  9.998591d-03    9.998606d-03    9.998591d-03
  9.998606d-03    9.998591d-03    9.998606d-03
  9.998591d-03    9.998606d-03    9.998591d-03
  9.998606d-03    9.998591d-03    9.998606d-03
  9.998591d-03    9.998606d-03    9.998591d-03
  9.998606d-03    9.998591d-03    9.998606d-03
  9.998591d-03    9.998606d-03    9.998591d-03
  9.998606d-03    9.998591d-03    9.998606d-03
  9.998591d-03    9.998606d-03    9.998591d-03
  9.998606d-03    9.998591d-03    9.998606d-03
  9.998591d-03    9.998606d-03    9.998591d-03
  9.998606d-03    9.998591d-03    9.998606d-03
  9.998591d-03    9.998606d-03    9.998591d-03
  9.998606d-03    9.998591d-03    9.998606d-03
  9.998591d-03    9.998606d-03    9.998591d-03
  9.998606d-03    9.998591d-03    9.998606d-03
  9.998591d-03    9.998606d-03    9.998591d-03
  9.998606d-03    9.998591d-03    9.998606d-03
  9.998591d-03    9.998606d-03    9.998591d-03
  9.998606d-03    9.998590d-03    9.998606d-03
  9.998590d-03    9.998606d-03    9.998590d-03
  9.998605d-03    9.998590d-03    9.998605d-03
  9.998590d-03    9.998605d-03    9.998590d-03
  9.998605d-03    9.998590d-03    9.998605d-03
  9.998590d-03    9.998605d-03    9.998590d-03
  9.998605d-03    9.998590d-03    9.998605d-03
  9.998590d-03    9.998605d-03    9.998590d-03
  9.998605d-03    9.998590d-03    9.998605d-03
  9.998590d-03    9.998605d-03    9.998590d-03
  9.998605d-03    9.998590d-03    9.998605d-03
  9.998590d-03    9.998605d-03    9.998590d-03
  9.998605d-03    9.998590d-03    9.998605d-03
  9.998590d-03    9.998605d-03    9.998590d-03
  9.998605d-03    9.998590d-03    9.998605d-03
  9.998590d-03    9.998605d-03    9.998590d-03
  9.998605d-03    9.998590d-03    9.998605d-03
  9.998590d-03    9.998605d-03    9.998590d-03
  9.998605d-03    9.998590d-03    9.998605d-03
  9.998590d-03    9.998605d-03    9.998590d-03
  9.998605d-03    9.998590d-03    9.998605d-03
  9.998590d-03    9.998605d-03    9.998590d-03
  9.998605d-03    9.998590d-03    9.998605d-03
  9.998590d-03    9.998605d-03    9.998590d-03
  9.998605d-03    9.998590d-03    9.998605d-03
  9.998590d-03    9.998605d-03    9.998590d-03
  9.998605d-03    9.998590d-03    9.998605d-03
  9.998590d-03    9.998605d-03    9.998590d-03
  9.998605d-03    9.998590d-03    9.998605d-03
  9.998590d-03    9.998605d-03    9.998590d-03
  9.998605d-03    9.998590d-03    9.998605d-03
  9.998590d-03    9.998605d-03    9.998590d-03
  9.998605d-03    9.998590d-03    9.998605d-03
  9.998590d-03    9.998605d-03    9.998590d-03
  9.998605d-03    9.998590d-03    9.998605d-03
  9.998590d-03    9.998605d-03    9.998590d-03
  9.998605d-03    9.998589d-03    9.998605d-03
  9.998589d-03    9.998604d-03    9.998589d-03
  9.998604d-03    9.998589d-03    9.998604d-03
  9.998589d-03    9.998604d-03    9.998589d-03
  9.998604d-03    9.998589d-03    9.998604d-03
  9.998589d-03    9.998604d-03    9.998589d-03
  9.998604d-03    9.998589d-03    9.998604d-03
  9.998589d-03    9.998604d-03    9.998589d-03
  9.998604d-03    9.998589d-03    9.998604d-03
  9.998589d-03    9.998604d-03    9.998589d-03
  9.998604d-03    9.998589d-03    9.998604d-03
  9.998589d-03    9.998604d-03    9.998589d-03
  9.998604d-03    9.998589d-03    9.998604d-03
  9.998589d-03    9.998604d-03    9.998589d-03
  9.998604d-03    9.998589d-03    9.998604d-03
  9.998589d-03    9.998604d-03    9.998589d-03
  9.998604d-03    9.998589d-03    9.998604d-03
  9.998589d-03    9.998604d-03    9.998589d-03
  9.998604d-03    9.998589d-03    9.998604d-03
  9.998589d-03    9.998604d-03    9.998589d-03
  9.998604d-03    9.998589d-03    9.998604d-03
  9.998589d-03    9.998604d-03    9.998589d-03
  9.998604d-03    9.998589d-03    9.998604d-03
  9.998589d-03    9.998604d-03    9.998589d-03
  9.998604d-03    9.998589d-03    9.998604d-03
  9.998589d-03    9.998604d-03    9.998589d-03
  9.998604d-03    9.998589d-03    9.998604d-03
  9.998589d-03    9.998604d-03    9.998589d-03
  9.998604d-03    9.998589d-03    9.998604d-03
  9.998589d-03    9.998604d-03    9.998589d-03
  9.998604d-03    9.998589d-03    9.998604d-03
  9.998589d-03    9.998604d-03    9.998589d-03
  9.998604d-03    9.998589d-03    9.998604d-03
  9.998589d-03    9.998604d-03    9.998589d-03
  9.998604d-03    9.998589d-03    9.998604d-03
  9.998589d-03    9.998604d-03    9.998589d-03
  9.998604d-03    9.998588d-03    9.998604d-03
  9.998588d-03    9.998603d-03    9.998588d-03
  9.998603d-03    9.998588d-03    9.998603d-03
  9.998588d-03    9.998603d-03    9.998588d-03
  9.998603d-03    9.998588d-03    9.998603d-03
  9.998588d-03    9.998603d-03    9.998588d-03
  9.998603d-03    9.998588d-03    9.998603d-03
  9.998588d-03    9.998603d-03    9.998588d-03
  9.998603d-03    9.998588d-03    9.998603d-03
  9.998588d-03    9.998603d-03    9.998588d-03
  9.998603d-03    9.998588d-03    9.998603d-03
  9.998588d-03    9.998603d-03    9.998588d-03
  9.998603d-03    9.998588d-03    9.998603d-03
  9.998588d-03    9.998603d-03    9.998588d-03
  9.998603d-03    9.998588d-03    9.998603d-03
  9.998588d-03    9.998603d-03    9.998588d-03
  9.998603d-03    9.998588d-03    9.998603d-03
  9.998588d-03    9.998603d-03    9.998588d-03
  9.998603d-03    9.998588d-03    9.998603d-03
  9.998588d-03    9.998603d-03    9.998588d-03
  9.998603d-03    9.998588d-03    9.998603d-03
  9.998588d-03    9.998603d-03    9.998588d-03
  9.998603d-03    9.998588d-03    9.998603d-03
  9.998588d-03    9.998603d-03    9.998588d-03
  9.998603d-03    9.998588d-03    9.998603d-03
  9.998588d-03    9.998603d-03    9.998588d-03
  9.998603d-03    9.998588d-03    9.998603d-03
  9.998588d-03    9.998603d-03    9.998588d-03
  9.998603d-03    9.998588d-03    9.998603d-03
  9.998588d-03    9.998603d-03    9.998588d-03
  9.998603d-03    9.998588d-03    9.998603d-03
  9.998588d-03    9.998603d-03    9.998588d-03
  9.998603d-03    9.998588d-03    9.998603d-03
  9.998588d-03    9.998603d-03    9.998588d-03
  9.998603d-03    9.998588d-03    9.998603d-03
  9.998588d-03    9.998603d-03    9.998588d-03
  9.998603d-03    9.998587d-03    9.998603d-03
  9.998587d-03    9.998602d-03    9.998587d-03
  9.998602d-03    9.998587d-03    9.998602d-03
  9.998587d-03    9.998602d-03    9.998587d-03
  9.998602d-03    9.998587d-03    9.998602d-03
  9.998587d-03    9.998602d-03    9.998587d-03
  9.998602d-03    9.998587d-03    9.998602d-03
  9.998587d-03    9.998602d-03    9.998587d-03
  9.998602d-03    9.998587d-03    9.998602d-03
  9.998587d-03    9.998602d-03    9.998587d-03
  9.998602d-03    9.998587d-03    9.998602d-03
  9.998587d-03    9.998602d-03    9.998587d-03
  9.998602d-03    9.998587d-03    9.998602d-03
  9.998587d-03    9.998602d-03    9.998587d-03
  9.998602d-03    9.998587d-03    9.998602d-03
  9.998587d-03    9.998602d-03    9.998587d-03
  9.998602d-03    9.998587d-03    9.998602d-03
  9.998587d-03    9.998602d-03    9.998587d-03
  9.998602d-03    9.998587d-03    9.998602d-03
  9.998587d-03    9.998602d-03    9.998587d-03
  9.998602d-03    9.998587d-03    9.998602d-03
  9.998587d-03    9.998602d-03    9.998587d-03
  9.998602d-03    9.998587d-03    9.998602d-03
  9.998587d-03    9.998602d-03    9.998587d-03
  9.998602d-03    9.998587d-03    9.998602d-03
  9.998587d-03    9.998602d-03    9.998587d-03
  9.998602d-03    9.998587d-03    9.998602d-03
  9.998587d-03    9.998602d-03    9.998587d-03
  9.998602d-03    9.998587d-03    9.998602d-03
  9.998587d-03    9.998602d-03    9.998587d-03
  9.998602d-03    9.998587d-03    9.998602d-03
  9.998587d-03    9.998602d-03    9.998587d-03
  9.998602d-03    9.998587d-03    9.998602d-03
  9.998587d-03    9.998602d-03    9.998587d-03
  9.998602d-03    9.998587d-03    9.998602d-03
  9.998587d-03    9.998602d-03    9.998587d-03
  9.998602d-03    9.998586d-03    9.998602d-03
  9.998586d-03    9.998601d-03    9.998586d-03
  9.998601d-03    9.998586d-03    9.998601d-03
  9.998586d-03    9.998601d-03    9.998586d-03
  9.998601d-03    9.998586d-03    9.998601d-03
  9.998586d-03    9.998601d-03    9.998586d-03
  9.998601d-03    9.998586d-03    9.998601d-03
  9.998586d-03    9.998601d-03    9.998586d-03
  9.998601d-03    9.998586d-03    9.998601d-03
  9.998586d-03    9.998601d-03    9.998586d-03
  9.998601d-03    9.998586d-03    9.998601d-03
  9.998586d-03    9.998601d-03    9.998586d-03
  9.998601d-03    9.998586d-03    9.998601d-03
  9.998586d-03    9.998601d-03    9.998586d-03
  9.998601d-03    9.998586d-03    9.998601d-03
  9.998586d-03    9.998601d-03    9.998586d-03
  9.998601d-03    9.998586d-03    9.998601d-03
  9.998586d-03    9.998601d-03    9.998586d-03
  9.998601d-03    9.998586d-03    9.998601d-03
  9.998586d-03    9.998601d-03    9.998586d-03
  9.998601d-03    9.998586d-03    9.998601d-03
  9.998586d-03    9.998601d-03    9.998586d-03
  9.998601d-03    9.998586d-03    9.998601d-03
  9.998586d-03    9.998601d-03    9.998586d-03
  9.998601d-03    9.998586d-03    9.998601d-03
  9.998586d-03    9.998601d-03    9.998586d-03
  9.998601d-03    9.998586d-03    9.998601d-03
  9.998586d-03    9.998601d-03    9.998586d-03
  9.998601d-03    9.998586d-03    9.998601d-03
  9.998586d-03    9.998601d-03    9.998586d-03
  9.998601d-03    9.998586d-03    9.998601d-03
  9.998586d-03    9.998601d-03    9.998586d-03
  9.998601d-03    9.998586d-03    9.998601d-03
  9.998586d-03    9.998601d-03    9.998586d-03
  9.998601d-03    9.998586d-03
] [1,1001:
  9.998601d-03    9.998586d-03    9.998601d-03
  9.998586d-03    9.998601d-03    9.998585d-03
  9.998601d-03    9.998585d-03    9.998600d-03
  9.998585d-03    9.998600d-03    9.998585d-03
  9.998600d-03    9.998585d-03    9.998600d-03
  9.998585d-03    9.998600d-03    9.998585d-03
  9.998600d-03    9.998585d-03    9.998600d-03
  9.998585d-03    9.998600d-03    9.998585d-03
  9.998600d-03    9.998585d-03    9.998600d-03
  9.998585d-03    9.998600d-03    9.998585d-03
  9.998600d-03    9.998585d-03    9.998600d-03
  9.998585d-03    9.998600d-03    9.998585d-03
  9.998600d-03    9.998585d-03    9.998600d-03
  9.998585d-03    9.998600d-03    9.998585d-03
  9.998600d-03    9.998585d-03    9.998600d-03
  9.998585d-03    9.998600d-03    9.998585d-03
  9.998600d-03    9.998585d-03    9.998600d-03
  9.998585d-03    9.998600d-03    9.998585d-03
  9.998600d-03    9.998585d-03    9.998600d-03
  9.998585d-03    9.998600d-03    9.998585d-03
  9.998600d-03    9.998585d-03    9.998600d-03
  9.998585d-03    9.998600d-03    9.998585d-03
  9.998600d-03    9.998585d-03    9.998600d-03
  9.998585d-03    9.998600d-03    9.998585d-03
  9.998600d-03    9.998585d-03    9.998600d-03
  9.998585d-03    9.998600d-03    9.998585d-03
  9.998600d-03    9.998585d-03    9.998600d-03
  9.998585d-03    9.998600d-03    9.998585d-03
  9.998600d-03    9.998585d-03    9.998600d-03
  9.998585d-03    9.998600d-03    9.998585d-03
  9.998600d-03    9.998585d-03    9.998600d-03
  9.998585d-03    9.998600d-03    9.998585d-03
  9.998600d-03    9.998585d-03    9.998600d-03
  9.998585d-03    9.998600d-03    9.998585d-03
  9.998600d-03    9.998585d-03    9.998600d-03
  9.998585d-03    9.998600d-03    9.998585d-03
  9.998600d-03    9.998585d-03    9.998600d-03
  9.998585d-03    9.998600d-03    9.998584d-03
  9.998600d-03    9.998584d-03    9.998599d-03
  9.998584d-03    9.998599d-03    9.998584d-03
  9.998599d-03    9.998584d-03    9.998599d-03
  9.998584d-03    9.998599d-03    9.998584d-03
  9.998599d-03    9.998584d-03    9.998599d-03
  9.998584d-03    9.998599d-03    9.998584d-03
  9.998599d-03    9.998584d-03    9.998599d-03
  9.998584d-03    9.998599d-03    9.998584d-03
  9.998599d-03    9.998584d-03    9.998599d-03
  9.998584d-03    9.998599d-03    9.998584d-03
  9.998599d-03    9.998584d-03    9.998599d-03
  9.998584d-03    9.998599d-03    9.998584d-03
  9.998599d-03    9.998584d-03    9.998599d-03
  9.998584d-03    9.998599d-03    9.998584d-03
  9.998599d-03    9.998584d-03    9.998599d-03
  9.998584d-03    9.998599d-03    9.998584d-03
  9.998599d-03    9.998584d-03    9.998599d-03
  9.998584d-03    9.998599d-03    9.998584d-03
  9.998599d-03    9.998584d-03    9.998599d-03
  9.998584d-03    9.998599d-03    9.998584d-03
  9.998599d-03    9.998584d-03    9.998599d-03
  9.998584d-03    9.998599d-03    9.998584d-03
  9.998599d-03    9.998584d-03    9.998599d-03
  9.998584d-03    9.998599d-03    9.998584d-03
  9.998599d-03    9.998584d-03    9.998599d-03
  9.998584d-03    9.998599d-03    9.998584d-03
  9.998599d-03    9.998584d-03    9.998599d-03
  9.998584d-03    9.998599d-03    9.998584d-03
  9.998599d-03    9.998584d-03    9.998599d-03
  9.998584d-03    9.998599d-03    9.998584d-03
  9.998599d-03    9.998584d-03    9.998599d-03
  9.998584d-03    9.998599d-03    9.998584d-03
  9.998599d-03    9.998584d-03    9.998599d-03
  9.998584d-03    9.998599d-03    9.998584d-03
  9.998599d-03    9.998584d-03    9.998599d-03
  9.998584d-03    9.998599d-03    9.998583d-03
  9.998599d-03    9.998583d-03    9.998598d-03
  9.998583d-03    9.998598d-03    9.998583d-03
  9.998598d-03    9.998583d-03    9.998598d-03
  9.998583d-03    9.998598d-03    9.998583d-03
  9.998598d-03    9.998583d-03    9.998598d-03
  9.998583d-03    9.998598d-03    9.998583d-03
  9.998598d-03    9.998583d-03    9.998598d-03
  9.998583d-03    9.998598d-03    9.998583d-03
  9.998598d-03    9.998583d-03    9.998598d-03
  9.998583d-03    9.998598d-03    9.998583d-03
  9.998598d-03    9.998583d-03    9.998598d-03
  9.998583d-03    9.998598d-03    9.998583d-03
  9.998598d-03    9.998583d-03    9.998598d-03
  9.998583d-03    9.998598d-03    9.998583d-03
  9.998598d-03    9.998583d-03    9.998598d-03
  9.998583d-03    9.998598d-03    9.998583d-03
  9.998598d-03    9.998583d-03    9.998598d-03
  9.998583d-03    9.998598d-03    9.998583d-03
  9.998598d-03    9.998583d-03    9.998598d-03
  9.998583d-03    9.998598d-03    9.998583d-03
  9.998598d-03    9.998583d-03    9.998598d-03
  9.998583d-03    9.998598d-03    9.998583d-03
  9.998598d-03    9.998583d-03    9.998598d-03
  9.998583d-03    9.998598d-03    9.998583d-03
  9.998598d-03    9.998583d-03    9.998598d-03
  9.998583d-03    9.998598d-03    9.998583d-03
  9.998598d-03    9.998583d-03    9.998598d-03
  9.998583d-03    9.998598d-03    9.998583d-03
  9.998598d-03    9.998583d-03    9.998598d-03
  9.998583d-03    9.998598d-03    9.998583d-03
  9.998598d-03    9.998583d-03    9.998598d-03
  9.998583d-03    9.998598d-03    9.998583d-03
  9.998598d-03    9.998583d-03    9.998598d-03
  9.998583d-03    9.998598d-03    9.998583d-03
  9.998598d-03    9.998583d-03    9.998598d-03
  9.998583d-03    9.998598d-03    9.998582d-03
  9.998597d-03    9.998582d-03    9.998597d-03
  9.998582d-03    9.998597d-03    9.998582d-03
  9.998597d-03    9.998582d-03    9.998597d-03
  9.998582d-03    9.998597d-03    9.998582d-03
  9.998597d-03    9.998582d-03    9.998597d-03
  9.998582d-03    9.998597d-03    9.998582d-03
  9.998597d-03    9.998582d-03    9.998597d-03
  9.998582d-03    9.998597d-03    9.998582d-03
  9.998597d-03    9.998582d-03    9.998597d-03
  9.998582d-03    9.998597d-03    9.998582d-03
  9.998597d-03    9.998582d-03    9.998597d-03
  9.998582d-03    9.998597d-03    9.998582d-03
  9.998597d-03    9.998582d-03    9.998597d-03
  9.998582d-03    9.998597d-03    9.998582d-03
  9.998597d-03    9.998582d-03    9.998597d-03
  9.998582d-03    9.998597d-03    9.998582d-03
  9.998597d-03    9.998582d-03    9.998597d-03
  9.998582d-03    9.998597d-03    9.998582d-03
  9.998597d-03    9.998582d-03    9.998597d-03
  9.998582d-03    9.998597d-03    9.998582d-03
  9.998597d-03    9.998582d-03    9.998597d-03
  9.998582d-03    9.998597d-03    9.998582d-03
  9.998597d-03    9.998582d-03    9.998597d-03
  9.998582d-03    9.998597d-03    9.998582d-03
  9.998597d-03    9.998582d-03    9.998597d-03
  9.998582d-03    9.998597d-03    9.998582d-03
  9.998597d-03    9.998582d-03    9.998597d-03
  9.998582d-03    9.998597d-03    9.998582d-03
  9.998597d-03    9.998582d-03    9.998597d-03
  9.998582d-03    9.998597d-03    9.998582d-03
  9.998597d-03    9.998582d-03    9.998597d-03
  9.998582d-03    9.998597d-03    9.998582d-03
  9.998597d-03    9.998582d-03    9.998597d-03
  9.998582d-03    9.998597d-03    9.998582d-03
  9.998597d-03    9.998582d-03    9.998597d-03
  9.998582d-03    9.998597d-03    9.998581d-03
  9.998596d-03    9.998581d-03    9.998596d-03
  9.998581d-03    9.998596d-03    9.998581d-03
  9.998596d-03    9.998581d-03    9.998596d-03
  9.998581d-03    9.998596d-03    9.998581d-03
  9.998596d-03    9.998581d-03    9.998596d-03
  9.998581d-03    9.998596d-03    9.998581d-03
  9.998596d-03    9.998581d-03    9.998596d-03
  9.998581d-03    9.998596d-03    9.998581d-03
  9.998596d-03    9.998581d-03    9.998596d-03
  9.998581d-03    9.998596d-03    9.998581d-03
  9.998596d-03    9.998581d-03    9.998596d-03
  9.998581d-03    9.998596d-03    9.998581d-03
  9.998596d-03    9.998581d-03    9.998596d-03
  9.998581d-03    9.998596d-03    9.998581d-03
  9.998596d-03    9.998581d-03    9.998596d-03
  9.998581d-03    9.998596d-03    9.998581d-03
  9.998596d-03    9.998581d-03    9.998596d-03
  9.998581d-03    9.998596d-03    9.998581d-03
  9.998596d-03    9.998581d-03    9.998596d-03
  9.998581d-03    9.998596d-03    9.998581d-03
  9.998596d-03    9.998581d-03    9.998596d-03
  9.998581d-03    9.998596d-03    9.998581d-03
  9.998596d-03    9.998581d-03    9.998596d-03
  9.998581d-03    9.998596d-03    9.998581d-03
  9.998596d-03    9.998581d-03    9.998596d-03
  9.998581d-03    9.998596d-03    9.998581d-03
  9.998596d-03    9.998581d-03    9.998596d-03
  9.998581d-03    9.998596d-03    9.998581d-03
  9.998596d-03    9.998581d-03    9.998596d-03
  9.998581d-03    9.998596d-03    9.998581d-03
  9.998596d-03    9.998581d-03    9.998596d-03
  9.998581d-03    9.998596d-03    9.998581d-03
  9.998596d-03    9.998581d-03    9.998596d-03
  9.998581d-03    9.998596d-03    9.998581d-03
  9.998596d-03    9.998581d-03    9.998596d-03
  9.998581d-03    9.998596d-03    9.998580d-03
  9.998595d-03    9.998580d-03    9.998595d-03
  9.998580d-03    9.998595d-03    9.998580d-03
  9.998595d-03    9.998580d-03    9.998595d-03
  9.998580d-03    9.998595d-03    9.998580d-03
  9.998595d-03    9.998580d-03    9.998595d-03
  9.998580d-03    9.998595d-03    9.998580d-03
  9.998595d-03    9.998580d-03    9.998595d-03
  9.998580d-03    9.998595d-03    9.998580d-03
  9.998595d-03    9.998580d-03    9.998595d-03
  9.998580d-03    9.998595d-03    9.998580d-03
  9.998595d-03    9.998580d-03    9.998595d-03
  9.998580d-03    9.998595d-03    9.998580d-03
  9.998595d-03    9.998580d-03    9.998595d-03
  9.998580d-03    9.998595d-03    9.998580d-03
  9.998595d-03    9.998580d-03    9.998595d-03
  9.998580d-03    9.998595d-03    9.998580d-03
  9.998595d-03    9.998580d-03    9.998595d-03
  9.998580d-03    9.998595d-03    9.998580d-03
  9.998595d-03    9.998580d-03    9.998595d-03
  9.998580d-03    9.998595d-03    9.998580d-03
  9.998595d-03    9.998580d-03    9.998595d-03
  9.998580d-03    9.998595d-03    9.998580d-03
  9.998595d-03    9.998580d-03    9.998595d-03
  9.998580d-03    9.998595d-03    9.998580d-03
  9.998595d-03    9.998580d-03    9.998595d-03
  9.998580d-03    9.998595d-03    9.998580d-03
  9.998595d-03    9.998580d-03    9.998595d-03
  9.998580d-03    9.998595d-03    9.998580d-03
  9.998595d-03    9.998580d-03    9.998595d-03
  9.998580d-03    9.998595d-03    9.998580d-03
  9.998595d-03    9.998580d-03    9.998595d-03
  9.998580d-03    9.998595d-03    9.998580d-03
  9.998595d-03    9.998580d-03    9.998595d-03
  9.998580d-03    9.998595d-03    9.998580d-03
  9.998595d-03    9.998580d-03    9.998595d-03
  9.998580d-03    9.998595d-03    9.998579d-03
  9.998594d-03    9.998579d-03    9.998594d-03
  9.998579d-03    9.998594d-03    9.998579d-03
  9.998594d-03    9.998579d-03    9.998594d-03
  9.998579d-03    9.998594d-03    9.998579d-03
  9.998594d-03    9.998579d-03    9.998594d-03
  9.998579d-03    9.998594d-03    9.998579d-03
  9.998594d-03    9.998579d-03    9.998594d-03
  9.998579d-03    9.998594d-03    9.998579d-03
  9.998594d-03    9.998579d-03    9.998594d-03
  9.998579d-03    9.998594d-03    9.998579d-03
  9.998594d-03    9.998579d-03    9.998594d-03
  9.998579d-03    9.998594d-03    9.998579d-03
  9.998594d-03    9.998579d-03    9.998594d-03
  9.998579d-03    9.998594d-03    9.998579d-03
  9.998594d-03    9.998579d-03    9.998594d-03
  9.998579d-03    9.998594d-03    9.998579d-03
  9.998594d-03    9.998579d-03    9.998594d-03
  9.998579d-03    9.998594d-03    9.998579d-03
  9.998594d-03    9.998579d-03    9.998594d-03
  9.998579d-03    9.998594d-03    9.998579d-03
  9.998594d-03    9.998579d-03    9.998594d-03
  9.998579d-03    9.998594d-03    9.998579d-03
  9.998594d-03    9.998579d-03    9.998594d-03
  9.998579d-03    9.998594d-03    9.998579d-03
  9.998594d-03    9.998579d-03    9.998594d-03
  9.998579d-03    9.998594d-03    9.998579d-03
  9.998594d-03    9.998579d-03    9.998594d-03
  9.998579d-03    9.998594d-03    9.998579d-03
  9.998594d-03    9.998579d-03    9.998594d-03
  9.998579d-03    9.998594d-03    9.998579d-03
  9.998594d-03    9.998579d-03    9.998594d-03
  9.998579d-03    9.998594d-03    9.998579d-03
  9.998594d-03    9.998579d-03    9.998594d-03
  9.998579d-03    9.998594d-03    9.998579d-03
  9.998594d-03    9.998579d-03    9.998594d-03
  9.998579d-03    9.998594d-03    9.998578d-03
  9.998593d-03    9.998578d-03    9.998593d-03
  9.998578d-03    9.998593d-03    9.998578d-03
  9.998593d-03    9.998578d-03    9.998593d-03
  9.998578d-03    9.998593d-03    9.998578d-03
  9.998593d-03    9.998578d-03    9.998593d-03
  9.998578d-03    9.998593d-03    9.998578d-03
  9.998593d-03    9.998578d-03    9.998593d-03
  9.998578d-03    9.998593d-03    9.998578d-03
  9.998593d-03    9.998578d-03    9.998593d-03
  9.998578d-03    9.998593d-03    9.998578d-03
  9.998593d-03    9.998578d-03    9.998593d-03
  9.998578d-03    9.998593d-03    9.998578d-03
  9.998593d-03    9.998578d-03    9.998593d-03
  9.998578d-03    9.998593d-03    9.998578d-03
  9.998593d-03    9.998578d-03    9.998593d-03
  9.998578d-03    9.998593d-03    9.998578d-03
  9.998593d-03    9.998578d-03    9.998593d-03
  9.998578d-03    9.998593d-03    9.998578d-03
  9.998593d-03    9.998578d-03    9.998593d-03
  9.998578d-03    9.998593d-03    9.998578d-03
  9.998593d-03    9.998578d-03    9.998593d-03
  9.998578d-03    9.998593d-03    9.998578d-03
  9.998593d-03    9.998578d-03    9.998593d-03
  9.998578d-03    9.998593d-03    9.998578d-03
  9.998593d-03    9.998578d-03    9.998593d-03
  9.998578d-03    9.998593d-03    9.998578d-03
  9.998593d-03    9.998578d-03    9.998593d-03
  9.998578d-03    9.998593d-03    9.998578d-03
  9.998593d-03    9.998578d-03    9.998593d-03
  9.998578d-03    9.998593d-03    9.998578d-03
  9.998593d-03    9.998578d-03    9.998593d-03
  9.998578d-03    9.998593d-03    9.998578d-03
  9.998593d-03    9.998578d-03    9.998593d-03
  9.998578d-03    9.998593d-03    9.998578d-03
  9.998593d-03    9.998578d-03    9.998593d-03
  9.998578d-03    9.998593d-03    9.998577d-03
  9.998592d-03    9.998577d-03    9.998592d-03
  9.998577d-03    9.998592d-03    9.998577d-03
  9.998592d-03    9.998577d-03    9.998592d-03
  9.998577d-03    9.998592d-03    9.998577d-03
  9.998592d-03    9.998577d-03    9.998592d-03
  9.998577d-03    9.998592d-03    9.998577d-03
  9.998592d-03    9.998577d-03    9.998592d-03
  9.998577d-03    9.998592d-03    9.998577d-03
  9.998592d-03    9.998577d-03    9.998592d-03
  9.998577d-03    9.998592d-03    9.998577d-03
  9.998592d-03    9.998577d-03    9.998592d-03
  9.998577d-03    9.998592d-03    9.998577d-03
  9.998592d-03    9.998577d-03    9.998592d-03
  9.998577d-03    9.998592d-03    9.998577d-03
  9.998592d-03    9.998577d-03    9.998592d-03
  9.998577d-03    9.998592d-03    9.998577d-03
  9.998592d-03    9.998577d-03    9.998592d-03
  9.998577d-03    9.998592d-03    9.998577d-03
  9.998592d-03    9.998577d-03    9.998592d-03
  9.998577d-03    9.998592d-03    9.998577d-03
  9.998592d-03    9.998577d-03    9.998592d-03
  9.998577d-03    9.998592d-03    9.998577d-03
  9.998592d-03    9.998577d-03    9.998592d-03
  9.998577d-03    9.998592d-03    9.998577d-03
  9.998592d-03    9.998577d-03    9.998592d-03
  9.998577d-03    9.998592d-03    9.998577d-03
  9.998592d-03    9.998577d-03    9.998592d-03
  9.998577d-03    9.998592d-03    9.998577d-03
  9.998592d-03    9.998577d-03    9.998592d-03
  9.998577d-03    9.998592d-03    9.998577d-03
  9.998592d-03    9.998577d-03    9.998592d-03
  9.998577d-03    9.998592d-03    9.998577d-03
  9.998592d-03    9.998577d-03    9.998592d-03
  9.998577d-03    9.998592d-03    9.998577d-03
  9.998592d-03    9.998577d-03    9.998592d-03
  9.998577d-03    9.998592d-03    9.998576d-03
  9.998591d-03    9.998576d-03    9.998591d-03
  9.998576d-03    9.998591d-03    9.998576d-03
  9.998591d-03    9.998576d-03    9.998591d-03
  9.998576d-03    9.998591d-03    9.998576d-03
  9.998591d-03    9.998576d-03    9.998591d-03
  9.998576d-03    9.998591d-03    9.998576d-03
  9.998591d-03    9.998576d-03    9.998591d-03
  9.998576d-03    9.998591d-03
]
