538976288          
27        
8503          
84       
19200           
1
1
84          
24          
24        
3134        
3134
40          
48        
3600          
15           
9           
0
0           
0           
0           
0           
0           
0
0           
0           
0           
1
  0.0000000e+00  0.0000000e+00  0.3467189e-05  0.0000000e+00  0.1239785e-05
  0.0000000e+00  0.5823683e-05  0.0000000e+00 -0.7350174e-06  0.0000000e+00
 -0.4015445e-05  0.0000000e+00  0.2235209e-05  0.0000000e+00  0.2520435e-05
  0.0000000e+00  0.1416358e-05  0.0000000e+00 -0.2141320e-05  0.0000000e+00
 -0.1777018e-05  0.0000000e+00  0.1073711e-05  0.0000000e+00  0.1150838e-05
  0.0000000e+00  0.7737664e-06  0.0000000e+00 -0.6665224e-06  0.0000000e+00
 -0.1014862e-05  0.0000000e+00 -0.6573560e-08 -0.1048530e-08 -0.1229442e-07
 -0.3470009e-08  0.5995649e-08  0.1433754e-08 -0.2676881e-07 -0.2914127e-08
 -0.1759703e-07 -0.5377965e-08  0.1211957e-07 -0.8625943e-08  0.5062805e-07
 -0.2010097e-07  0.4611910e-08 -0.1573459e-07 -0.2695516e-07 -0.1112823e-07
 -0.2821174e-07 -0.1583645e-07  0.1937597e-07 -0.1378343e-07  0.3170058e-07
 -0.1821929e-07 -0.1819932e-08 -0.8748073e-08 -0.2402123e-07 -0.7994413e-08
 -0.3374569e-07 -0.2386525e-08  0.1099090e-07  0.2356594e-08 -0.1073164e-08
  0.8915850e-08  0.7089380e-08  0.9070918e-08  0.1271118e-07  0.8725295e-08
  0.1537228e-07  0.5160113e-07  0.3211363e-09  0.3873381e-07  0.1303839e-07
 -0.2407329e-07  0.2512754e-07 -0.8399093e-07  0.2065838e-07 -0.4231855e-07
  0.1352163e-07  0.2185272e-07  0.2033074e-07  0.4174528e-07  0.2776556e-07
 -0.2673547e-07  0.2791633e-07 -0.6615907e-07  0.2560691e-07 -0.5175725e-07
  0.1324579e-07  0.1149751e-07  0.2293785e-07  0.4570049e-07  0.1864721e-07
  0.9863983e-08  0.5229414e-08 -0.1239970e-08  0.4565780e-08 -0.6769092e-08
 -0.1524898e-08 -0.1717678e-07  0.9174023e-08 -0.3314290e-07  0.2937662e-07
 -0.4738651e-07  0.4114791e-08 -0.1880312e-07 -0.1682215e-07  0.2114647e-07
  0.6338592e-09 -0.2687566e-08  0.4781189e-07 -0.2326127e-07  0.6093321e-07
 -0.4516040e-07  0.5931218e-07 -0.1510735e-07  0.5726983e-08  0.3351243e-08
  0.1254662e-07 -0.9102981e-09  0.1357484e-07 -0.2797271e-07  0.7335959e-07
 -0.3667414e-07  0.5253059e-07 -0.3022583e-07  0.2049477e-08  0.7132472e-09
  0.1077826e-07 -0.2231730e-08 -0.1391117e-07 -0.6815337e-08 -0.2619482e-07
 -0.2918846e-07  0.1059450e-07 -0.5045894e-07  0.2126051e-07  0.1698214e-07
  0.3308021e-07  0.7019025e-07  0.3897863e-07  0.5396394e-07  0.2523194e-07
 -0.1102462e-07  0.1832841e-07 -0.4678520e-07  0.4227523e-07 -0.3019602e-07
  0.5159561e-07  0.4115370e-07  0.4648624e-07  0.4885631e-07  0.1099481e-07
  0.2180132e-07  0.1278235e-07 -0.4169974e-07 -0.4234560e-08 -0.4006547e-07
 -0.8996150e-08 -0.4168677e-08  0.9403993e-08  0.2231463e-08 -0.4679419e-08
  0.1683321e-07 -0.1846353e-07  0.4482782e-07 -0.5190937e-08  0.5087585e-07
 -0.5599216e-08  0.1164412e-07  0.1175453e-07 -0.2050133e-07  0.2456119e-07
 -0.1715862e-07 -0.3079507e-08  0.1633330e-07 -0.1664702e-07  0.4103165e-07
 -0.1286805e-07  0.3157386e-07  0.1415347e-07  0.2472911e-08  0.4405433e-07
 -0.8153822e-08  0.4220028e-07  0.1465547e-08  0.2361406e-07  0.3514283e-07
 -0.4006903e-08  0.3857796e-07 -0.5348636e-08 -0.4120806e-08 -0.9693729e-09
 -0.5993651e-09  0.7904270e-08  0.4457060e-08  0.1297793e-07  0.2044322e-07
  0.5184088e-08  0.3133707e-07 -0.1344120e-07  0.2854208e-09 -0.2331321e-07
 -0.1979029e-07 -0.1250840e-07 -0.2201273e-07  0.5883130e-08  0.8908659e-09
  0.2777661e-07  0.1902108e-07  0.2875884e-07  0.2491255e-07  0.1893109e-07
  0.1948902e-07  0.1497373e-07  0.8917603e-08  0.1756855e-07  0.5966754e-09
  0.2261289e-07  0.3176499e-07  0.2827964e-07  0.2296198e-07  0.1470105e-07
  0.5819714e-08 -0.8653332e-08 -0.3861643e-08  0.1091234e-07 -0.1679375e-07
  0.1419687e-08 -0.4682838e-07 -0.1064786e-07 -0.5710941e-07  0.1613235e-07
 -0.1996681e-07  0.8246601e-08  0.4140373e-07  0.1431317e-08  0.5634784e-07
  0.2194435e-08  0.2719871e-07 -0.8763370e-08 -0.2030080e-07 -0.9923765e-09
 -0.2724636e-07  0.3290084e-08  0.8071001e-09  0.1936444e-07  0.5986590e-07
  0.1224095e-08  0.5748333e-07 -0.8295159e-08  0.3511255e-07 -0.1212929e-07
 -0.1193378e-07  0.6989063e-08  0.1741086e-07 -0.1813628e-07 -0.6038805e-08
 -0.3112676e-08  0.1030636e-07 -0.1701016e-07 -0.1422602e-07 -0.1911037e-07
 -0.2678530e-07  0.1189747e-07  0.6162871e-08  0.1426924e-07  0.1749764e-07
  0.2273266e-07  0.1252744e-07  0.2110564e-07  0.5395169e-08 -0.1491294e-07
  0.9004954e-08 -0.2483143e-07  0.3501779e-08 -0.2795485e-07  0.7203513e-09
 -0.1432461e-09 -0.3072907e-08  0.7583040e-08  0.1051880e-09  0.5676802e-08
 -0.1706014e-07 -0.1950162e-07 -0.6838795e-08 -0.2273556e-08  0.1335381e-07
 -0.5179821e-08 -0.6543305e-08 -0.6598835e-08  0.2723462e-07 -0.1111966e-07
  0.2403591e-07 -0.4992995e-08  0.2541853e-07 -0.6085632e-08  0.4102503e-07
 -0.1463560e-07  0.1342883e-08 -0.4973402e-08 -0.2817343e-07  0.5556665e-08
 -0.2415578e-07  0.1161346e-07  0.8302363e-08  0.1426557e-07  0.2477521e-07
  0.1404643e-08  0.3548987e-07 -0.1540089e-07  0.3127619e-08 -0.5774423e-08
 -0.3028168e-07 -0.1189592e-07 -0.1821659e-07 -0.6051680e-08  0.2051928e-07
  0.5367648e-08 -0.4678277e-08  0.2113784e-07 -0.7907796e-08  0.4704174e-09
 -0.2872391e-08 -0.4574564e-08 -0.5464755e-08 -0.1406891e-07  0.1332230e-08
 -0.1854642e-07  0.6036364e-08  0.8327553e-09 -0.3637075e-08  0.5132864e-08
  0.2068085e-10  0.2001660e-08  0.3459458e-08 -0.3766906e-08 -0.2525641e-08
  0.2902126e-08 -0.1171803e-07  0.3849896e-08 -0.1016203e-07  0.8195611e-09
 -0.7740913e-08  0.1501862e-08  0.1067877e-08 -0.1779573e-07  0.2089473e-07
 -0.7653948e-08  0.2788752e-07  0.1246358e-07 -0.1723121e-07  0.1313986e-07
  0.5468513e-08  0.8506341e-08 -0.2188797e-07 -0.2840187e-08  0.2240321e-09
 -0.1634932e-07 -0.2887944e-08 -0.5549167e-08 -0.2020769e-07  0.2332548e-07
 -0.2850002e-08  0.2125284e-07  0.1118557e-07  0.8733493e-08  0.1653668e-07
 -0.9663434e-08  0.8499327e-08 -0.1878663e-07 -0.3904874e-08 -0.1404445e-07
 -0.1676057e-07 -0.8089237e-09 -0.1446698e-07  0.7263284e-08  0.1184400e-07
  0.7698940e-08  0.1288696e-07  0.8834498e-08  0.1129726e-08  0.8796042e-10
 -0.6850678e-08 -0.2621675e-07  0.1921906e-07 -0.4406661e-08 -0.1417176e-07
  0.4246782e-08  0.1998033e-07  0.1049350e-07  0.8852814e-08  0.2962018e-07
 -0.1480480e-08  0.1334700e-07  0.1545611e-07 -0.1845392e-07 -0.4148077e-08
 -0.8682189e-08 -0.1083319e-07  0.6443748e-08 -0.4773082e-08  0.2078866e-08
  0.6739145e-08  0.3787945e-08  0.7579419e-08 -0.6690934e-08  0.4498606e-08
 -0.1319346e-07  0.1049301e-08  0.1131269e-07 -0.8578940e-08  0.1155775e-07
 -0.1362429e-07 -0.1219854e-08  0.5943692e-08 -0.3553504e-07  0.7616567e-08
  0.1360105e-08  0.3089483e-08 -0.1388075e-07  0.6124880e-08  0.4716116e-08
 -0.5665344e-08  0.2079195e-07  0.7183228e-09 -0.1162588e-07  0.1384952e-07
 -0.2034527e-07 -0.1141996e-08 -0.2597589e-08 -0.7889795e-08  0.7724162e-08
 -0.5606331e-08  0.6182680e-08 -0.5814579e-08  0.5400128e-08  0.5038187e-08
 -0.8127628e-08  0.1183639e-07 -0.1184346e-07 -0.9493490e-08  0.7703157e-08
 -0.1679905e-07 -0.1796070e-08  0.1347914e-08  0.6912016e-08 -0.6255285e-09
  0.1146804e-07 -0.9510441e-08  0.1744952e-07  0.6172270e-08 -0.9586007e-08
  0.4538050e-09 -0.1936779e-07 -0.9447170e-08 -0.2232045e-07 -0.7119743e-08
 -0.1543755e-07 -0.8459314e-08  0.1444253e-07 -0.3853892e-08  0.2036310e-07
  0.9341987e-08  0.1849594e-08  0.2927666e-08 -0.6935046e-08 -0.1443934e-07
 -0.4396933e-08 -0.4826246e-09 -0.1522930e-08  0.1367917e-07  0.6667173e-08
 -0.3729074e-08  0.4659898e-09 -0.1239644e-07 -0.1023791e-07  0.4362963e-08
 -0.3094213e-08 -0.3661900e-08  0.2963168e-07 -0.1292745e-07 -0.4939254e-08
  0.1190639e-07  0.1201056e-07 -0.6472727e-08 -0.6613831e-08  0.8692449e-08
 -0.1757783e-07 -0.2147835e-08  0.4221605e-08 -0.1666483e-07  0.1186806e-07
  0.2668316e-08  0.5948690e-09  0.7721551e-08 -0.5371329e-08 -0.3026694e-08
 -0.5445185e-08 -0.8968181e-08 -0.3531568e-09  0.1076274e-08  0.1028988e-07
  0.3164471e-08  0.8973700e-08  0.5176526e-09 -0.7062456e-08  0.3343489e-08
 -0.6331442e-08  0.1359329e-08  
  0.0000000e+00  0.0000000e+00  0.5641529e-09  0.0000000e+00  0.2189086e-09
  0.0000000e+00 -0.3132020e-08  0.0000000e+00  0.1035547e-07  0.0000000e+00
 -0.8616241e-08  0.0000000e+00  0.7484341e-08  0.0000000e+00 -0.1137762e-07
  0.0000000e+00 -0.2513289e-07  0.0000000e+00  0.1527420e-08  0.0000000e+00
  0.1799818e-07  0.0000000e+00  0.4544305e-08  0.0000000e+00  0.9900925e-08
  0.0000000e+00  0.1073104e-07  0.0000000e+00  0.1151419e-07  0.0000000e+00
  0.7603119e-08  0.0000000e+00  0.3010273e-08  0.5491041e-08  0.9214668e-07
  0.3646870e-09 -0.3847043e-08  0.7494172e-08 -0.7921754e-07 -0.8539526e-08
 -0.1644049e-07 -0.3776659e-08 -0.4122260e-07 -0.3767475e-08  0.2123269e-07
  0.3672853e-07  0.1239206e-07  0.3338627e-07  0.2046760e-07  0.3521204e-07
 -0.6164017e-08  0.1569163e-07 -0.1513337e-07  0.1843062e-07 -0.2221918e-07
  0.2355424e-07 -0.8836222e-08  0.1779944e-07  0.3113627e-07  0.1984440e-08
  0.3478583e-08 -0.1490673e-07  0.1938755e-07 -0.4585591e-08  0.1307522e-07
 -0.1777243e-06  0.5393027e-07 -0.1134169e-07 -0.1601167e-07 -0.1928169e-06
 -0.1829336e-07 -0.7154434e-08 -0.4785574e-07  0.3423828e-07 -0.7792591e-07
  0.1682408e-06 -0.5957427e-07  0.3638362e-07 -0.5193368e-08 -0.7843982e-08
  0.6552938e-08 -0.6118987e-07 -0.1420377e-07 -0.1001636e-07 -0.3652731e-07
 -0.4095853e-08 -0.5342253e-07  0.6996758e-07 -0.3846806e-07  0.1863752e-07
 -0.3805116e-07 -0.1457247e-07 -0.2581724e-08 -0.1142594e-07 -0.3081021e-08
 -0.9401448e-08 -0.6685692e-08 -0.1846153e-07 -0.1787881e-06  0.1590202e-06
 -0.6425370e-07  0.1453997e-08 -0.4064347e-07  0.1367848e-07  0.1938986e-07
  0.5448116e-07  0.7234973e-07  0.7085161e-09  0.2712227e-07  0.5670468e-08
 -0.1949860e-09 -0.2275635e-07 -0.8820284e-07 -0.4659797e-07 -0.9132605e-07
 -0.7511092e-07 -0.4854099e-07 -0.3640996e-07 -0.2281334e-07 -0.7871893e-08
 -0.5767264e-08  0.2792031e-07 -0.8583707e-07 -0.1105292e-08 -0.4077073e-07
  0.1904619e-07 -0.6826782e-07 -0.1423934e-07  0.7746601e-07  0.1445956e-06
 -0.6762758e-07  0.7225459e-07 -0.9252511e-07  0.1185566e-06 -0.8570182e-07
  0.6968433e-07 -0.5295727e-07 -0.7254843e-07  0.2565596e-07 -0.9743879e-07
  0.6736018e-07 -0.7777969e-07  0.3199413e-07 -0.5735966e-07 -0.3035317e-07
 -0.1400734e-07 -0.8800494e-07 -0.3018060e-07 -0.7798356e-07 -0.5836464e-07
 -0.5699453e-07 -0.7637028e-07 -0.1342524e-07 -0.3902485e-07 -0.2474018e-07
  0.1114059e-07  0.1224814e-09  0.1872945e-07 -0.2610505e-07  0.8246094e-08
  0.6664442e-07  0.3131771e-07  0.8281086e-07  0.1164979e-09  0.2111728e-06
 -0.6065621e-07  0.1035570e-06 -0.5719320e-07  0.3257204e-08 -0.1044490e-07
 -0.3361789e-07  0.1058171e-07 -0.4297415e-07 -0.3576165e-08 -0.3156297e-08
  0.6981240e-08  0.6846746e-07  0.1769447e-07  0.6342331e-07  0.7552174e-08
 -0.1251934e-08 -0.2213200e-07 -0.4026731e-07 -0.5934180e-07 -0.3708338e-07
 -0.5104042e-07 -0.1724603e-07 -0.5098703e-07  0.2444070e-07 -0.5560999e-07
  0.4684343e-07 -0.3296856e-07  0.3426041e-07 -0.1855015e-07  0.3876587e-07
 -0.1349353e-06 -0.1630703e-07 -0.8834354e-07  0.5400154e-10 -0.6053174e-07
  0.7782944e-08  0.9238303e-08  0.1307790e-07  0.9815756e-07 -0.1247366e-07
  0.1002086e-06 -0.1692036e-07  0.2497858e-07  0.2113497e-08 -0.3843286e-07
 -0.2055422e-07 -0.5235678e-07 -0.3108969e-07 -0.6051319e-07  0.2169454e-07
 -0.4338189e-07  0.2836431e-07 -0.1529537e-07  0.3148521e-07 -0.3971013e-07
  0.4682877e-08 -0.5501641e-07  0.5343664e-08 -0.5959077e-07 -0.9441511e-07
  0.7773119e-07 -0.5492943e-07  0.2130485e-06 -0.1923981e-06  0.5245948e-07
 -0.1776336e-06  0.9039745e-08 -0.1101841e-06 -0.3592691e-07  0.4638498e-08
 -0.8640060e-07  0.1004959e-06 -0.8166085e-07  0.9408355e-07 -0.4584281e-07
  0.4896574e-07 -0.1041335e-07  0.1792631e-07 -0.7683615e-08  0.2381404e-07
 -0.2087938e-08  0.4526682e-07 -0.2632267e-07  0.7075698e-07 -0.1833239e-07
  0.7805351e-07 -0.1201970e-07  0.2975314e-07  0.3975511e-07 -0.4314350e-08
  0.5049650e-07  0.2136792e-07 -0.4973546e-08  0.8717707e-08  0.1195331e-06
  0.6451489e-08  0.6425464e-07 -0.2060582e-07  0.1172370e-06  0.4196338e-07
 -0.7329521e-08 -0.1157018e-07 -0.1132766e-06  0.2232027e-10 -0.8830609e-07
  0.5540870e-08 -0.5014398e-07  0.3029212e-07 -0.2877975e-08  0.7202878e-07
  0.3961260e-07  0.4992931e-07  0.4973990e-07 -0.2376981e-07  0.8618050e-08
 -0.4613631e-07 -0.3169495e-07 -0.5048969e-07 -0.4158120e-07 -0.1925505e-07
  0.1073787e-08  0.4161438e-08  0.5217147e-07  0.6978709e-07 -0.6491902e-08
  0.5963361e-07  0.4524435e-07  0.2120052e-06  0.8606966e-08  0.1775444e-06
  0.5332548e-07  0.1708741e-06  0.4842212e-07  0.5785534e-07  0.3926131e-07
  0.3231282e-07  0.8447313e-07 -0.2162437e-07  0.2969531e-07  0.6649797e-08
 -0.5332650e-07  0.4631833e-07 -0.6098848e-07  0.2550071e-07 -0.4040909e-07
 -0.3003764e-08 -0.3351295e-08 -0.4119778e-07  0.4523806e-07 -0.7416414e-07
  0.6197529e-07 -0.2152134e-07  0.1965243e-07  0.3255685e-07 -0.4444057e-09
 -0.7097622e-08  0.8115561e-08 -0.2596757e-07 -0.2044945e-07  0.1949677e-07
  0.5591459e-07 -0.8918036e-07  0.1001211e-07 -0.4061270e-07  0.8119626e-07
 -0.1076474e-07  0.4865471e-07  0.2508255e-07  0.8945971e-07  0.1518857e-07
  0.1746052e-07 -0.1636994e-07 -0.5113662e-07 -0.5615714e-07 -0.7877590e-07
 -0.7505210e-07 -0.9538503e-07 -0.3277340e-07 -0.4250544e-07  0.1708216e-08
  0.5569713e-07  0.1463172e-07  0.1160596e-06  0.2410258e-07  0.1090896e-06
 -0.5107950e-08  0.6085999e-07 -0.4531477e-07  0.2527683e-07  0.1998171e-07
 -0.4573879e-08 -0.1717925e-06  0.1437382e-06 -0.1140776e-06  0.4673285e-09
 -0.9346845e-07 -0.1706606e-08 -0.2581278e-09 -0.7507071e-07  0.5109609e-07
 -0.1061630e-06  0.6286211e-07 -0.7641613e-07  0.1428272e-07  0.6644382e-08
 -0.6410884e-07  0.5525655e-07 -0.1049974e-06  0.6162825e-07 -0.6306679e-07
  0.5527394e-07  0.9072018e-08  0.3776741e-08  0.5880165e-07 -0.3335689e-07
  0.7319802e-07 -0.1611783e-07 -0.1039525e-07 -0.3068575e-07 -0.5200239e-07
 -0.1285530e-07  0.1272901e-06 -0.5757731e-07 -0.8438202e-07  0.3331916e-07
  0.1246414e-06 -0.9883211e-07  0.5872009e-07 -0.2355770e-07  0.6607782e-07
 -0.8720332e-07  0.2513401e-07 -0.1420417e-06  0.1949302e-07 -0.6603888e-07
 -0.4617235e-08 -0.9727601e-08  0.3762414e-08  0.6403450e-07  0.4816838e-08
  0.1207115e-06 -0.9669908e-08  0.9446035e-07 -0.9941398e-08 -0.3502902e-08
  0.5807669e-08 -0.9258161e-07  0.2609858e-07 -0.1117114e-06  0.2847972e-07
 -0.8248355e-07 -0.2367033e-07 -0.6776069e-07  0.1111606e-06  0.2320042e-07
  0.2577682e-07 -0.7658250e-07  0.1616262e-06  0.3500929e-07  0.4775669e-07
  0.3661511e-07 -0.4930470e-07  0.6828027e-07 -0.7770605e-07  0.2044810e-07
 -0.1109168e-06  0.2211170e-07 -0.3120000e-07 -0.3673770e-07  0.7618252e-07
 -0.3812243e-07  0.1029907e-06 -0.2371906e-07  0.4842698e-07 -0.5459756e-07
 -0.1157145e-07 -0.6898263e-07 -0.4601672e-07 -0.7272543e-07 -0.3611965e-07
 -0.7220983e-07  0.6338090e-07 -0.2473039e-07  0.4482578e-08  0.8379793e-08
 -0.1735621e-07  0.6980078e-07 -0.2241220e-07  0.7875687e-08 -0.3316027e-07
  0.5737347e-07 -0.7460822e-07  0.1591961e-07 -0.9287434e-07  0.2926668e-07
 -0.5545914e-07  0.3586842e-07 -0.6079055e-07  0.1781101e-07  0.3011182e-07
 -0.2143694e-07  0.6517698e-07 -0.3873119e-07  0.6323155e-07 -0.5660685e-07
  0.4529637e-07 -0.7800372e-07  0.5829100e-08 -0.6257039e-08 -0.3037263e-07
  0.5391255e-07 -0.2884987e-07  0.3518218e-07  0.2619680e-07  0.2474599e-07
  0.1952557e-07  0.2567984e-07 -0.1171620e-06 -0.2170529e-07 -0.6329022e-09
 -0.9324949e-08 -0.1359779e-06 -0.4936646e-07 -0.3481604e-09 -0.4021994e-07
  0.1247626e-07 -0.5225218e-07  0.4646922e-07  0.2886464e-07  0.4424334e-07
  0.6219431e-08  0.2007681e-07  0.2314161e-07 -0.3750084e-07 -0.8800500e-08
 -0.5561894e-07 -0.3090564e-07 -0.2603132e-07 -0.1056198e-07 -0.2465976e-07
  0.8114670e-07 -0.5602451e-08  0.1112525e-06  0.5041865e-08  0.6466342e-07
 -0.1481843e-07  0.1582722e-07  
  0.0000000e+00  0.0000000e+00 -0.1039900e-11  0.0000000e+00 -0.3182882e-11
  0.0000000e+00 -0.4796176e-12  0.0000000e+00 -0.6727871e-12  0.0000000e+00
 -0.1695759e-12  0.0000000e+00  0.1657109e-12  0.0000000e+00 -0.3960468e-12
  0.0000000e+00 -0.4571515e-13  0.0000000e+00 -0.7702115e-13  0.0000000e+00
 -0.1251613e-12  0.0000000e+00 -0.5189517e-13  0.0000000e+00 -0.5750922e-13
  0.0000000e+00 -0.3295356e-13  0.0000000e+00 -0.5336951e-13  0.0000000e+00
  0.2546184e-13  0.0000000e+00 -0.6733897e-12 -0.1616415e-12 -0.1706459e-12
 -0.2245148e-13  0.1329303e-12 -0.4850009e-14  0.7162034e-13  0.4534049e-13
  0.1538927e-12 -0.4878034e-13 -0.3035219e-12 -0.4745219e-13  0.5544686e-13
 -0.2028746e-13 -0.5923007e-14 -0.2929560e-13  0.1713429e-13 -0.8004486e-13
 -0.3841298e-13 -0.5973482e-13 -0.2940088e-13  0.6171208e-13  0.2307151e-13
  0.7174342e-13 -0.2919623e-14  0.4841283e-13  0.6789730e-14  0.8225595e-14
 -0.1891704e-13  0.1443134e-13 -0.3466681e-13  0.2068060e-13 -0.4299380e-13
  0.4966930e-12  0.2206530e-12 -0.6788840e-12 -0.1160028e-12  0.6778811e-13
  0.1566618e-12 -0.6043209e-13 -0.7861166e-13  0.3719536e-12  0.1963013e-13
  0.1391324e-12  0.1061921e-12 -0.1710965e-12  0.5630343e-14  0.2331002e-13
 -0.9288037e-13 -0.4656367e-13 -0.1359742e-12  0.7046876e-13 -0.6906896e-13
  0.6051897e-13 -0.2452259e-13 -0.2689902e-14 -0.1026037e-13  0.3212426e-13
  0.4044827e-13 -0.1763294e-13  0.6544488e-13  0.1405040e-13  0.5756088e-13
  0.1139203e-13 -0.5604024e-14  0.1437320e-12 -0.9177072e-13  0.4404701e-13
  0.2137157e-12 -0.5791664e-12 -0.1376862e-12  0.7708650e-13  0.1205496e-12
 -0.1017543e-12 -0.1347344e-13 -0.3887001e-13  0.2316215e-13 -0.5436349e-13
  0.4716279e-15 -0.7267881e-13 -0.1633782e-12 -0.2164454e-14 -0.1545969e-12
  0.4705368e-13  0.2616695e-13  0.9917222e-13 -0.3497094e-13  0.3749213e-13
 -0.2997717e-15  0.2819293e-13  0.5363910e-13  0.3696818e-13  0.2849992e-13
  0.2497072e-14  0.2494243e-13 -0.5920373e-13 -0.3906017e-13  0.6593782e-13
 -0.5961067e-12 -0.8629432e-12  0.4170123e-13  0.5369477e-12  0.2106572e-12
  0.3125160e-13  0.2621683e-12  0.1470971e-12  0.1167510e-12  0.2787214e-12
  0.7607540e-13 -0.6574453e-14 -0.1232597e-12  0.8661061e-14 -0.1913178e-12
 -0.1517360e-13 -0.1362412e-12 -0.1083081e-13 -0.6649067e-13  0.1626802e-13
 -0.4902538e-13  0.4934908e-13  0.1449126e-13  0.1463437e-13  0.4105187e-13
 -0.6120999e-14  0.5789829e-13 -0.1453924e-13  0.2229345e-14 -0.6525086e-14
 -0.3671470e-12  0.4708888e-12 -0.1984144e-12 -0.7298194e-12  0.4647218e-13
 -0.5251948e-12 -0.1045320e-12  0.1579768e-12  0.1498192e-12  0.3403914e-13
  0.9526930e-13 -0.2746114e-13  0.5637564e-13 -0.3956950e-13  0.7193527e-13
  0.1442410e-13  0.4201321e-13 -0.2888762e-13 -0.6029778e-13 -0.4885732e-13
 -0.6816887e-13 -0.2207019e-13  0.1864801e-14  0.7551276e-13  0.2626445e-13
  0.6114899e-13  0.6361362e-13  0.5370045e-13  0.4723869e-13 -0.1868151e-13
  0.6314742e-13  0.1878254e-13 -0.1713558e-12  0.8849665e-14 -0.4340448e-12
 -0.1147701e-12 -0.2885817e-12  0.2403436e-14 -0.1192830e-12  0.1071868e-12
 -0.8860213e-13  0.1431494e-12  0.2723584e-15  0.5185997e-13  0.2111724e-13
 -0.9325128e-13  0.1264115e-13 -0.1244941e-12 -0.2658601e-13 -0.4301605e-13
 -0.4553541e-14  0.2194847e-13  0.7464977e-13  0.6546754e-13  0.1022938e-12
  0.1500423e-12  0.1118629e-12  0.1474863e-12  0.6708271e-13  0.1532371e-12
  0.3304180e-13  0.6859134e-13  0.4404311e-13  0.1207809e-13 -0.1656253e-12
  0.2518126e-12 -0.4296028e-12 -0.4695989e-12 -0.1120368e-12 -0.5056546e-12
 -0.1972941e-12  0.8529828e-13 -0.9561341e-13  0.8895583e-13 -0.1166242e-12
 -0.4772746e-13 -0.1294533e-12 -0.6463240e-13 -0.1320286e-12 -0.2998683e-13
 -0.7401585e-13  0.1113715e-13 -0.2372969e-13  0.4863625e-13 -0.3738566e-13
  0.3521289e-13 -0.2970811e-13  0.4496947e-13 -0.4432989e-13  0.1669239e-13
  0.8620180e-14  0.1305761e-12 -0.6818903e-14  0.1310943e-12  0.1037778e-13
  0.1111978e-12  0.9199365e-13  0.1216766e-12 -0.3557649e-12 -0.1408086e-12
 -0.1065591e-12 -0.7626041e-13  0.3868613e-13  0.5395262e-13  0.1037386e-13
 -0.7836384e-13 -0.1200751e-12 -0.2921705e-13 -0.7518917e-13  0.7359764e-13
 -0.2242434e-13  0.9761954e-13  0.4628655e-13  0.5816365e-13  0.1445904e-13
  0.5926179e-13 -0.6265866e-13  0.6178159e-13 -0.7388756e-13 -0.3769209e-13
 -0.1183697e-12 -0.7016889e-13 -0.5054513e-13 -0.8668674e-13 -0.1678008e-13
 -0.2882475e-13 -0.1626848e-13  0.1105731e-13 -0.5450252e-13  0.2318203e-12
 -0.5437700e-13  0.1237913e-12  0.1686150e-12 -0.2953686e-12  0.1637747e-12
 -0.1759873e-12  0.5715704e-13 -0.1381072e-12  0.7346321e-13 -0.3142185e-13
  0.5265274e-13  0.1104362e-13  0.2324237e-13 -0.1940857e-15  0.3289560e-13
 -0.1385656e-13  0.6392100e-13 -0.3875866e-13  0.1017632e-12 -0.2602442e-13
  0.2590819e-13  0.2442345e-13 -0.3864263e-13  0.6100259e-13 -0.5982161e-13
  0.3741174e-13  0.5853540e-14  0.1614398e-13 -0.1523530e-13  0.8098056e-14
  0.8414791e-13 -0.2538680e-14  0.8442994e-13  0.1096134e-13  0.2546655e-12
  0.2537847e-13  0.1144476e-12  0.8200236e-13  0.1917101e-12  0.1277558e-13
  0.1843063e-12  0.8407891e-13  0.6656879e-13  0.3438114e-13 -0.1923575e-13
  0.3068090e-13 -0.9102439e-14  0.2717687e-13  0.2622723e-14 -0.7438727e-13
  0.4074018e-13 -0.1388273e-12  0.1747428e-13 -0.1002246e-12 -0.7133246e-15
 -0.4115869e-13 -0.1931601e-13  0.2243430e-13 -0.1589059e-13  0.5783369e-13
 -0.2213989e-13  0.7039666e-13 -0.2468722e-13  0.1199821e-12  0.2539439e-13
 -0.1962645e-13  0.3112940e-13  0.1336319e-12 -0.1191201e-13 -0.6185045e-13
  0.1108976e-12 -0.8285688e-13  0.7968803e-13 -0.3334760e-13  0.4171374e-13
  0.1786615e-13  0.6823109e-13  0.6850750e-13 -0.1130598e-13  0.8686133e-13
 -0.6878672e-13  0.5063962e-13 -0.9531175e-13 -0.9302851e-14 -0.7030310e-13
  0.1927794e-14 -0.2696445e-13 -0.2143451e-13 -0.4732969e-13 -0.2993251e-13
 -0.1957239e-13 -0.2268389e-13 -0.2393476e-13 -0.4695419e-13 -0.1181759e-12
 -0.1106850e-13 -0.9071448e-13 -0.1521647e-12 -0.3918735e-13  0.1283988e-13
 -0.1925124e-12 -0.4565284e-13 -0.1234275e-12 -0.8519192e-13 -0.1368981e-12
  0.2541928e-13 -0.3113178e-13  0.8391513e-13 -0.1401262e-13  0.4728287e-13
  0.1505468e-13  0.1703622e-13 -0.1222814e-13 -0.9173038e-14 -0.4750204e-13
 -0.5903569e-14 -0.3574509e-13  0.1706712e-15 -0.1936939e-13  0.1270476e-13
 -0.9195014e-14  0.7658513e-14  0.3170841e-14 -0.2540651e-14  0.5232055e-15
 -0.2033669e-13 -0.1282523e-14 -0.2044498e-13  0.6724866e-14 -0.2921848e-13
  0.8907704e-14  0.1398144e-12 -0.1631033e-12  0.3057168e-13 -0.1517596e-12
  0.6903553e-13 -0.1131118e-12 -0.7391982e-14 -0.1381694e-13  0.2509593e-13
  0.2871328e-13 -0.4486369e-13  0.9773669e-13 -0.2153863e-13  0.9565580e-13
  0.1247620e-13  0.2767175e-13  0.3673675e-15 -0.3265389e-13 -0.4430360e-13
 -0.2818508e-13 -0.4566431e-13  0.3185557e-13 -0.3853167e-13  0.6008429e-13
 -0.2865322e-13  0.8001077e-13 -0.1217282e-13  0.5593038e-14  0.1101329e-13
  0.2611470e-13 -0.3004858e-13  0.2698825e-13 -0.5752324e-14  0.4794552e-14
 -0.3991397e-13  0.7740389e-13 -0.3278761e-13  0.1124771e-12 -0.1342039e-12
  0.1193891e-12 -0.1285572e-12  0.1074099e-12 -0.1540708e-12  0.1236915e-12
 -0.3186284e-13  0.8491336e-13  0.3620152e-13  0.2729956e-13  0.5817642e-13
 -0.5750205e-14  0.2801161e-13 -0.2338192e-13  0.3431018e-13 -0.5610678e-14
  0.2211169e-13  0.1329054e-13 -0.3926907e-13  0.4561776e-13 -0.4581201e-13
 -0.5585113e-13 -0.5332544e-13  0.1140751e-12 -0.7494695e-14 -0.1683412e-13
 -0.7872138e-13  0.2514097e-12 -0.1049563e-12  0.9552570e-13  0.4875566e-14
  0.1409324e-12 -0.5904018e-13 -0.3186292e-13 -0.1703730e-13 -0.4431095e-13
 -0.1627987e-13 -0.5399827e-13 -0.2576820e-13 -0.4153880e-13 -0.3885488e-13
 -0.6709924e-15 -0.2363499e-13  0.4582453e-13 -0.1771883e-14  0.3215324e-13
  0.4885404e-13 -0.4006703e-15  0.4710370e-13 -0.2420077e-13 -0.1240265e-13
 -0.3139070e-13 -0.3410248e-13
